67 1925 10325
A B C D E F G H I J K L 0,0,0 1,0,0 2,0,0 3,0,0 4,0,0 0,1,0 1,1,0 2,1,0 3,1,0 4,1,0 0,2,0 1,2,0 2,2,0 3,2,0 4,2,0 0,3,0 1,3,0 2,3,0 3,3,0 4,3,0 0,4,0 1,4,0 2,4,0 3,4,0 4,4,0 0,0,1 1,0,1 2,0,1 3,0,1 0,1,1 1,1,1 2,1,1 3,1,1 0,2,1 1,2,1 2,2,1 3,2,1 0,3,1 1,3,1 2,3,1 3,3,1 0,0,2 1,0,2 2,0,2 0,1,2 1,1,2 2,1,2 0,2,2 1,2,2 2,2,2 0,0,3 1,0,3 0,1,3 1,1,3 0,0,4
A 0,0,0 1,0,0 2,0,0 3,0,0
A 0,0,0 0,1,0 0,2,0 0,3,0
A 0,0,0 0,0,1 0,0,2 0,0,3
A 1,0,0 2,0,0 3,0,0 4,0,0
A 1,0,0 1,1,0 1,2,0 1,3,0
A 1,0,0 1,0,1 1,0,2 1,0,3
A 2,0,0 2,1,0 2,2,0 2,3,0
A 3,0,0 3,1,0 3,2,0 3,3,0
A 3,0,0 2,0,1 1,0,2 0,0,3
A 4,0,0 4,1,0 4,2,0 4,3,0
A 4,0,0 3,0,1 2,0,2 1,0,3
A 0,1,0 1,1,0 2,1,0 3,1,0
A 0,1,0 0,2,0 0,3,0 0,4,0
A 0,1,0 0,1,1 0,1,2 0,1,3
A 1,1,0 2,1,0 3,1,0 4,1,0
A 1,1,0 1,2,0 1,3,0 1,4,0
A 1,1,0 1,1,1 1,1,2 1,1,3
A 2,1,0 2,2,0 2,3,0 2,4,0
A 3,1,0 3,2,0 3,3,0 3,4,0
A 3,1,0 2,1,1 1,1,2 0,1,3
A 4,1,0 4,2,0 4,3,0 4,4,0
A 4,1,0 3,1,1 2,1,2 1,1,3
A 0,2,0 1,2,0 2,2,0 3,2,0
A 1,2,0 2,2,0 3,2,0 4,2,0
A 0,3,0 1,3,0 2,3,0 3,3,0
A 0,3,0 0,2,1 0,1,2 0,0,3
A 1,3,0 2,3,0 3,3,0 4,3,0
A 1,3,0 1,2,1 1,1,2 1,0,3
A 3,3,0 2,2,1 1,1,2 0,0,3
A 4,3,0 3,2,1 2,1,2 1,0,3
A 0,4,0 1,4,0 2,4,0 3,4,0
A 0,4,0 0,3,1 0,2,2 0,1,3
A 1,4,0 2,4,0 3,4,0 4,4,0
A 1,4,0 1,3,1 1,2,2 1,1,3
A 3,4,0 2,3,1 1,2,2 0,1,3
A 4,4,0 3,3,1 2,2,2 1,1,3
A 0,0,1 1,0,1 2,0,1 3,0,1
A 0,0,1 0,1,1 0,2,1 0,3,1
A 0,0,1 0,0,2 0,0,3 0,0,4
A 1,0,1 1,1,1 1,2,1 1,3,1
A 2,0,1 2,1,1 2,2,1 2,3,1
A 3,0,1 3,1,1 3,2,1 3,3,1
A 3,0,1 2,0,2 1,0,3 0,0,4
A 0,1,1 1,1,1 2,1,1 3,1,1
A 0,2,1 1,2,1 2,2,1 3,2,1
A 0,3,1 1,3,1 2,3,1 3,3,1
A 0,3,1 0,2,2 0,1,3 0,0,4
A 3,3,1 2,2,2 1,1,3 0,0,4
B 0,0,0 1,0,0 2,0,0 3,0,0 0,1,0
B 0,0,0 1,0,0 2,0,0 3,0,0 3,1,0
B 0,0,0 1,0,0 0,1,0 0,2,0 0,3,0
B 0,0,0 1,0,0 1,1,0 1,2,0 1,3,0
B 0,0,0 0,1,0 1,1,0 2,1,0 3,1,0
B 0,0,0 0,1,0 0,2,0 0,3,0 1,3,0
B 0,0,0 0,0,1 0,0,2 1,1,2 0,0,3
B 1,0,0 2,0,0 3,0,0 4,0,0 1,1,0
B 1,0,0 2,0,0 3,0,0 4,0,0 4,1,0
B 1,0,0 2,0,0 1,1,0 1,2,0 1,3,0
B 1,0,0 2,0,0 2,1,0 2,2,0 2,3,0
B 1,0,0 1,1,0 2,1,0 3,1,0 4,1,0
B 1,0,0 1,1,0 1,2,0 0,3,0 1,3,0
B 1,0,0 1,1,0 1,2,0 1,3,0 2,3,0
B 1,0,0 1,0,1 1,0,2 2,1,2 1,0,3
B 2,0,0 3,0,0 2,1,0 2,2,0 2,3,0
B 2,0,0 3,0,0 3,1,0 3,2,0 3,3,0
B 2,0,0 2,1,0 2,2,0 1,3,0 2,3,0
B 2,0,0 2,1,0 2,2,0 2,3,0 3,3,0
B 3,0,0 4,0,0 3,1,0 3,2,0 3,3,0
B 3,0,0 4,0,0 4,1,0 4,2,0 4,3,0
B 3,0,0 0,1,0 1,1,0 2,1,0 3,1,0
B 3,0,0 3,1,0 3,2,0 2,3,0 3,3,0
B 3,0,0 3,1,0 3,2,0 3,3,0 4,3,0
B 3,0,0 2,0,1 1,0,2 0,1,2 0,0,3
B 4,0,0 1,1,0 2,1,0 3,1,0 4,1,0
B 4,0,0 4,1,0 4,2,0 3,3,0 4,3,0
B 4,0,0 3,0,1 2,0,2 1,1,2 1,0,3
B 0,1,0 1,1,0 2,1,0 3,1,0 0,2,0
B 0,1,0 1,1,0 2,1,0 3,1,0 3,2,0
B 0,1,0 1,1,0 0,2,0 0,3,0 0,4,0
B 0,1,0 1,1,0 1,2,0 1,3,0 1,4,0
B 0,1,0 0,2,0 1,2,0 2,2,0 3,2,0
B 0,1,0 0,2,0 0,3,0 0,4,0 1,4,0
B 0,1,0 0,1,1 0,1,2 1,2,2 0,1,3
B 1,1,0 2,1,0 3,1,0 4,1,0 1,2,0
B 1,1,0 2,1,0 3,1,0 4,1,0 4,2,0
B 1,1,0 2,1,0 1,2,0 1,3,0 1,4,0
B 1,1,0 2,1,0 2,2,0 2,3,0 2,4,0
B 1,1,0 1,2,0 2,2,0 3,2,0 4,2,0
B 1,1,0 1,2,0 1,3,0 0,4,0 1,4,0
B 1,1,0 1,2,0 1,3,0 1,4,0 2,4,0
B 1,1,0 0,0,1 1,1,1 1,1,2 1,1,3
B 1,1,0 0,0,1 0,0,2 0,0,3 0,0,4
B 1,1,0 1,1,1 1,1,2 2,2,2 1,1,3
B 1,1,0 1,1,1 1,1,2 1,1,3 0,0,4
B 2,1,0 3,1,0 2,2,0 2,3,0 2,4,0
B 2,1,0 3,1,0 3,2,0 3,3,0 3,4,0
B 2,1,0 2,2,0 2,3,0 1,4,0 2,4,0
B 2,1,0 2,2,0 2,3,0 2,4,0 3,4,0
B 3,1,0 4,1,0 3,2,0 3,3,0 3,4,0
B 3,1,0 4,1,0 4,2,0 4,3,0 4,4,0
B 3,1,0 0,2,0 1,2,0 2,2,0 3,2,0
B 3,1,0 3,2,0 3,3,0 2,4,0 3,4,0
B 3,1,0 3,2,0 3,3,0 3,4,0 4,4,0
B 3,1,0 3,0,1 2,1,1 1,1,2 0,1,3
B 3,1,0 3,0,1 2,0,2 1,0,3 0,0,4
B 3,1,0 2,1,1 1,1,2 0,2,2 0,1,3
B 3,1,0 2,1,1 1,1,2 0,1,3 0,0,4
B 4,1,0 1,2,0 2,2,0 3,2,0 4,2,0
B 4,1,0 4,2,0 4,3,0 3,4,0 4,4,0
B 4,1,0 3,1,1 2,1,2 1,2,2 1,1,3
B 0,2,0 1,2,0 2,2,0 3,2,0 0,3,0
B 0,2,0 1,2,0 2,2,0 3,2,0 3,3,0
B 0,2,0 0,3,0 1,3,0 2,3,0 3,3,0
B 1,2,0 2,2,0 3,2,0 4,2,0 1,3,0
B 1,2,0 2,2,0 3,2,0 4,2,0 4,3,0
B 1,2,0 1,3,0 2,3,0 3,3,0 4,3,0
B 3,2,0 0,3,0 1,3,0 2,3,0 3,3,0
B 4,2,0 1,3,0 2,3,0 3,3,0 4,3,0
B 0,3,0 1,3,0 2,3,0 3,3,0 0,4,0
B 0,3,0 1,3,0 2,3,0 3,3,0 3,4,0
B 0,3,0 0,4,0 1,4,0 2,4,0 3,4,0
B 0,3,0 0,2,1 1,0,2 0,1,2 0,0,3
B 1,3,0 2,3,0 3,3,0 4,3,0 1,4,0
B 1,3,0 2,3,0 3,3,0 4,3,0 4,4,0
B 1,3,0 1,4,0 2,4,0 3,4,0 4,4,0
B 1,3,0 1,2,1 0,3,1 1,1,2 1,0,3
B 1,3,0 1,2,1 2,0,2 1,1,2 1,0,3
B 1,3,0 1,2,1 1,1,2 1,0,3 0,0,4
B 1,3,0 0,3,1 0,2,2 0,1,3 0,0,4
B 3,3,0 0,4,0 1,4,0 2,4,0 3,4,0
B 3,3,0 2,2,1 3,3,1 1,1,2 0,0,3
B 3,3,0 2,2,1 0,0,2 1,1,2 0,0,3
B 3,3,0 2,2,1 1,1,2 0,0,3 0,0,4
B 3,3,0 3,3,1 2,2,2 1,1,3 0,0,4
B 4,3,0 1,4,0 2,4,0 3,4,0 4,4,0
B 4,3,0 3,2,1 1,0,2 2,1,2 1,0,3
B 0,4,0 0,3,1 1,1,2 0,2,2 0,1,3
B 1,4,0 1,3,1 2,1,2 1,2,2 1,1,3
B 3,4,0 2,3,1 0,1,2 1,2,2 0,1,3
B 4,4,0 3,3,1 1,1,2 2,2,2 1,1,3
B 0,0,1 1,0,1 2,0,1 3,0,1 0,1,1
B 0,0,1 1,0,1 2,0,1 3,0,1 3,1,1
B 0,0,1 1,0,1 0,1,1 0,2,1 0,3,1
B 0,0,1 1,0,1 1,1,1 1,2,1 1,3,1
B 0,0,1 0,1,1 1,1,1 2,1,1 3,1,1
B 0,0,1 0,1,1 0,2,1 0,3,1 1,3,1
B 0,0,1 0,0,2 0,0,3 1,1,3 0,0,4
B 1,0,1 2,0,1 1,1,1 1,2,1 1,3,1
B 1,0,1 2,0,1 2,1,1 2,2,1 2,3,1
B 1,0,1 1,1,1 1,2,1 0,3,1 1,3,1
B 1,0,1 1,1,1 1,2,1 1,3,1 2,3,1
B 2,0,1 3,0,1 2,1,1 2,2,1 2,3,1
B 2,0,1 3,0,1 3,1,1 3,2,1 3,3,1
B 2,0,1 2,1,1 2,2,1 1,3,1 2,3,1
B 2,0,1 2,1,1 2,2,1 2,3,1 3,3,1
B 3,0,1 0,1,1 1,1,1 2,1,1 3,1,1
B 3,0,1 3,1,1 3,2,1 2,3,1 3,3,1
B 3,0,1 2,0,2 1,0,3 0,1,3 0,0,4
B 0,1,1 1,1,1 2,1,1 3,1,1 0,2,1
B 0,1,1 1,1,1 2,1,1 3,1,1 3,2,1
B 0,1,1 0,2,1 1,2,1 2,2,1 3,2,1
B 3,1,1 0,2,1 1,2,1 2,2,1 3,2,1
B 0,2,1 1,2,1 2,2,1 3,2,1 0,3,1
B 0,2,1 1,2,1 2,2,1 3,2,1 3,3,1
B 0,2,1 0,3,1 1,3,1 2,3,1 3,3,1
B 3,2,1 0,3,1 1,3,1 2,3,1 3,3,1
B 0,3,1 0,2,2 1,0,3 0,1,3 0,0,4
B 3,3,1 2,2,2 0,0,3 1,1,3 0,0,4
C 0,0,0 1,0,0 2,0,0 0,1,0
C 0,0,0 1,0,0 2,0,0 2,1,0
C 0,0,0 1,0,0 0,1,0 0,2,0
C 0,0,0 1,0,0 1,1,0 1,2,0
C 0,0,0 0,1,0 1,1,0 2,1,0
C 0,0,0 0,1,0 0,2,0 1,2,0
C 0,0,0 0,0,1 1,1,1 0,0,2
C 1,0,0 2,0,0 3,0,0 1,1,0
C 1,0,0 2,0,0 3,0,0 3,1,0
C 1,0,0 2,0,0 1,1,0 1,2,0
C 1,0,0 2,0,0 2,1,0 2,2,0
C 1,0,0 1,1,0 2,1,0 3,1,0
C 1,0,0 1,1,0 0,2,0 1,2,0
C 1,0,0 1,1,0 1,2,0 2,2,0
C 1,0,0 1,0,1 2,1,1 1,0,2
C 2,0,0 3,0,0 4,0,0 2,1,0
C 2,0,0 3,0,0 4,0,0 4,1,0
C 2,0,0 3,0,0 2,1,0 2,2,0
C 2,0,0 3,0,0 3,1,0 3,2,0
C 2,0,0 0,1,0 1,1,0 2,1,0
C 2,0,0 2,1,0 3,1,0 4,1,0
C 2,0,0 2,1,0 1,2,0 2,2,0
C 2,0,0 2,1,0 2,2,0 3,2,0
C 2,0,0 1,0,1 0,1,1 0,0,2
C 2,0,0 2,0,1 3,1,1 2,0,2
C 3,0,0 4,0,0 3,1,0 3,2,0
C 3,0,0 4,0,0 4,1,0 4,2,0
C 3,0,0 1,1,0 2,1,0 3,1,0
C 3,0,0 3,1,0 2,2,0 3,2,0
C 3,0,0 3,1,0 3,2,0 4,2,0
C 3,0,0 2,0,1 1,1,1 1,0,2
C 4,0,0 2,1,0 3,1,0 4,1,0
C 4,0,0 4,1,0 3,2,0 4,2,0
C 4,0,0 3,0,1 2,1,1 2,0,2
C 0,1,0 1,1,0 2,1,0 0,2,0
C 0,1,0 1,1,0 2,1,0 2,2,0
C 0,1,0 1,1,0 0,2,0 0,3,0
C 0,1,0 1,1,0 1,2,0 1,3,0
C 0,1,0 0,2,0 1,2,0 2,2,0
C 0,1,0 0,2,0 0,3,0 1,3,0
C 0,1,0 0,1,1 1,2,1 0,1,2
C 1,1,0 2,1,0 3,1,0 1,2,0
C 1,1,0 2,1,0 3,1,0 3,2,0
C 1,1,0 2,1,0 1,2,0 1,3,0
C 1,1,0 2,1,0 2,2,0 2,3,0
C 1,1,0 1,2,0 2,2,0 3,2,0
C 1,1,0 1,2,0 0,3,0 1,3,0
C 1,1,0 1,2,0 1,3,0 2,3,0
C 1,1,0 0,0,1 1,1,1 1,1,2
C 1,1,0 0,0,1 0,0,2 0,0,3
C 1,1,0 1,1,1 2,2,1 1,1,2
C 1,1,0 1,1,1 1,1,2 0,0,3
C 2,1,0 3,1,0 4,1,0 2,2,0
C 2,1,0 3,1,0 4,1,0 4,2,0
C 2,1,0 3,1,0 2,2,0 2,3,0
C 2,1,0 3,1,0 3,2,0 3,3,0
C 2,1,0 0,2,0 1,2,0 2,2,0
C 2,1,0 2,2,0 3,2,0 4,2,0
C 2,1,0 2,2,0 1,3,0 2,3,0
C 2,1,0 2,2,0 2,3,0 3,3,0
C 2,1,0 1,0,1 2,1,1 2,1,2
C 2,1,0 1,0,1 1,0,2 1,0,3
C 2,1,0 2,0,1 1,1,1 0,1,2
C 2,1,0 2,0,1 1,0,2 0,0,3
C 2,1,0 1,1,1 0,2,1 0,1,2
C 2,1,0 1,1,1 0,1,2 0,0,3
C 2,1,0 2,1,1 3,2,1 2,1,2
C 2,1,0 2,1,1 2,1,2 1,0,3
C 3,1,0 4,1,0 3,2,0 3,3,0
C 3,1,0 4,1,0 4,2,0 4,3,0
C 3,1,0 1,2,0 2,2,0 3,2,0
C 3,1,0 3,2,0 2,3,0 3,3,0
C 3,1,0 3,2,0 3,3,0 4,3,0
C 3,1,0 3,0,1 2,1,1 1,1,2
C 3,1,0 3,0,1 2,0,2 1,0,3
C 3,1,0 2,1,1 1,2,1 1,1,2
C 3,1,0 2,1,1 1,1,2 1,0,3
C 4,1,0 2,2,0 3,2,0 4,2,0
C 4,1,0 4,2,0 3,3,0 4,3,0
C 4,1,0 3,1,1 2,2,1 2,1,2
C 0,2,0 1,2,0 2,2,0 0,3,0
C 0,2,0 1,2,0 2,2,0 2,3,0
C 0,2,0 1,2,0 0,3,0 0,4,0
C 0,2,0 1,2,0 1,3,0 1,4,0
C 0,2,0 0,3,0 1,3,0 2,3,0
C 0,2,0 0,3,0 0,4,0 1,4,0
C 0,2,0 1,0,1 0,1,1 0,0,2
C 0,2,0 0,2,1 1,3,1 0,2,2
C 1,2,0 2,2,0 3,2,0 1,3,0
C 1,2,0 2,2,0 3,2,0 3,3,0
C 1,2,0 2,2,0 1,3,0 1,4,0
C 1,2,0 2,2,0 2,3,0 2,4,0
C 1,2,0 1,3,0 2,3,0 3,3,0
C 1,2,0 1,3,0 0,4,0 1,4,0
C 1,2,0 1,3,0 1,4,0 2,4,0
C 1,2,0 2,0,1 1,1,1 1,0,2
C 1,2,0 0,1,1 1,2,1 1,2,2
C 1,2,0 0,1,1 0,1,2 0,1,3
C 1,2,0 1,1,1 0,2,1 1,0,2
C 1,2,0 1,1,1 1,0,2 0,0,3
C 1,2,0 0,2,1 0,1,2 0,0,3
C 1,2,0 1,2,1 2,3,1 1,2,2
C 1,2,0 1,2,1 1,2,2 0,1,3
C 2,2,0 3,2,0 4,2,0 2,3,0
C 2,2,0 3,2,0 4,2,0 4,3,0
C 2,2,0 3,2,0 2,3,0 2,4,0
C 2,2,0 3,2,0 3,3,0 3,4,0
C 2,2,0 0,3,0 1,3,0 2,3,0
C 2,2,0 2,3,0 3,3,0 4,3,0
C 2,2,0 2,3,0 1,4,0 2,4,0
C 2,2,0 2,3,0 2,4,0 3,4,0
C 2,2,0 0,0,1 1,1,1 0,0,2
C 2,2,0 3,0,1 2,1,1 2,0,2
C 2,2,0 1,1,1 2,2,1 0,0,2
C 2,2,0 1,1,1 2,2,1 2,2,2
C 2,2,0 1,1,1 0,0,2 0,0,3
C 2,2,0 1,1,1 1,1,2 1,1,3
C 2,2,0 2,1,1 1,2,1 2,0,2
C 2,2,0 2,1,1 1,2,1 0,2,2
C 2,2,0 2,1,1 2,0,2 1,0,3
C 2,2,0 2,1,1 1,1,2 0,1,3
C 2,2,0 1,2,1 0,3,1 0,2,2
C 2,2,0 1,2,1 1,1,2 1,0,3
C 2,2,0 1,2,1 0,2,2 0,1,3
C 2,2,0 2,2,1 3,3,1 2,2,2
C 2,2,0 2,2,1 1,1,2 0,0,3
C 2,2,0 2,2,1 2,2,2 1,1,3
C 3,2,0 4,2,0 3,3,0 3,4,0
C 3,2,0 4,2,0 4,3,0 4,4,0
C 3,2,0 1,3,0 2,3,0 3,3,0
C 3,2,0 3,3,0 2,4,0 3,4,0
C 3,2,0 3,3,0 3,4,0 4,4,0
C 3,2,0 1,0,1 2,1,1 1,0,2
C 3,2,0 2,1,1 3,2,1 1,0,2
C 3,2,0 2,1,1 1,0,2 1,0,3
C 3,2,0 3,1,1 2,2,1 1,2,2
C 3,2,0 3,1,1 2,1,2 1,1,3
C 3,2,0 2,2,1 1,3,1 1,2,2
C 3,2,0 2,2,1 1,2,2 1,1,3
C 3,2,0 3,2,1 2,1,2 1,0,3
C 4,2,0 2,3,0 3,3,0 4,3,0
C 4,2,0 4,3,0 3,4,0 4,4,0
C 4,2,0 2,0,1 3,1,1 2,0,2
C 4,2,0 3,2,1 2,3,1 2,2,2
C 0,3,0 1,3,0 2,3,0 0,4,0
C 0,3,0 1,3,0 2,3,0 2,4,0
C 0,3,0 0,4,0 1,4,0 2,4,0
C 0,3,0 1,1,1 0,2,1 0,1,2
C 1,3,0 2,3,0 3,3,0 1,4,0
C 1,3,0 2,3,0 3,3,0 3,4,0
C 1,3,0 1,4,0 2,4,0 3,4,0
C 1,3,0 2,1,1 1,2,1 1,1,2
C 1,3,0 1,2,1 0,3,1 1,1,2
C 1,3,0 1,2,1 1,1,2 0,1,3
C 1,3,0 0,3,1 0,2,2 0,1,3
C 2,3,0 3,3,0 4,3,0 2,4,0
C 2,3,0 3,3,0 4,3,0 4,4,0
C 2,3,0 0,4,0 1,4,0 2,4,0
C 2,3,0 2,4,0 3,4,0 4,4,0
C 2,3,0 0,1,1 1,2,1 0,1,2
C 2,3,0 3,1,1 2,2,1 2,1,2
C 2,3,0 1,2,1 2,3,1 0,1,2
C 2,3,0 1,2,1 0,1,2 0,1,3
C 2,3,0 2,2,1 1,3,1 2,1,2
C 2,3,0 2,2,1 2,1,2 1,1,3
C 2,3,0 1,3,1 1,2,2 1,1,3
C 2,3,0 2,3,1 1,2,2 0,1,3
C 3,3,0 1,4,0 2,4,0 3,4,0
C 3,3,0 1,1,1 2,2,1 1,1,2
C 3,3,0 2,2,1 3,3,1 1,1,2
C 3,3,0 2,2,1 1,1,2 1,1,3
C 3,3,0 3,3,1 2,2,2 1,1,3
C 4,3,0 2,4,0 3,4,0 4,4,0
C 4,3,0 2,1,1 3,2,1 2,1,2
C 0,4,0 1,2,1 0,3,1 0,2,2
C 1,4,0 2,2,1 1,3,1 1,2,2
C 2,4,0 0,2,1 1,3,1 0,2,2
C 2,4,0 3,2,1 2,3,1 2,2,2
C 3,4,0 1,2,1 2,3,1 1,2,2
C 4,4,0 2,2,1 3,3,1 2,2,2
C 0,0,1 1,0,1 2,0,1 0,1,1
C 0,0,1 1,0,1 2,0,1 2,1,1
C 0,0,1 1,0,1 0,1,1 0,2,1
C 0,0,1 1,0,1 1,1,1 1,2,1
C 0,0,1 0,1,1 1,1,1 2,1,1
C 0,0,1 0,1,1 0,2,1 1,2,1
C 0,0,1 0,0,2 1,1,2 0,0,3
C 1,0,1 2,0,1 3,0,1 1,1,1
C 1,0,1 2,0,1 3,0,1 3,1,1
C 1,0,1 2,0,1 1,1,1 1,2,1
C 1,0,1 2,0,1 2,1,1 2,2,1
C 1,0,1 1,1,1 2,1,1 3,1,1
C 1,0,1 1,1,1 0,2,1 1,2,1
C 1,0,1 1,1,1 1,2,1 2,2,1
C 1,0,1 1,0,2 2,1,2 1,0,3
C 2,0,1 3,0,1 2,1,1 2,2,1
C 2,0,1 3,0,1 3,1,1 3,2,1
C 2,0,1 0,1,1 1,1,1 2,1,1
C 2,0,1 2,1,1 1,2,1 2,2,1
C 2,0,1 2,1,1 2,2,1 3,2,1
C 2,0,1 1,0,2 0,1,2 0,0,3
C 3,0,1 1,1,1 2,1,1 3,1,1
C 3,0,1 3,1,1 2,2,1 3,2,1
C 3,0,1 2,0,2 1,1,2 1,0,3
C 0,1,1 1,1,1 2,1,1 0,2,1
C 0,1,1 1,1,1 2,1,1 2,2,1
C 0,1,1 1,1,1 0,2,1 0,3,1
C 0,1,1 1,1,1 1,2,1 1,3,1
C 0,1,1 0,2,1 1,2,1 2,2,1
C 0,1,1 0,2,1 0,3,1 1,3,1
C 0,1,1 0,1,2 1,2,2 0,1,3
C 1,1,1 2,1,1 3,1,1 1,2,1
C 1,1,1 2,1,1 3,1,1 3,2,1
C 1,1,1 2,1,1 1,2,1 1,3,1
C 1,1,1 2,1,1 2,2,1 2,3,1
C 1,1,1 1,2,1 2,2,1 3,2,1
C 1,1,1 1,2,1 0,3,1 1,3,1
C 1,1,1 1,2,1 1,3,1 2,3,1
C 1,1,1 0,0,2 1,1,2 1,1,3
C 1,1,1 0,0,2 0,0,3 0,0,4
C 1,1,1 1,1,2 2,2,2 1,1,3
C 1,1,1 1,1,2 1,1,3 0,0,4
C 2,1,1 3,1,1 2,2,1 2,3,1
C 2,1,1 3,1,1 3,2,1 3,3,1
C 2,1,1 0,2,1 1,2,1 2,2,1
C 2,1,1 2,2,1 1,3,1 2,3,1
C 2,1,1 2,2,1 2,3,1 3,3,1
C 2,1,1 2,0,2 1,1,2 0,1,3
C 2,1,1 2,0,2 1,0,3 0,0,4
C 2,1,1 1,1,2 0,2,2 0,1,3
C 2,1,1 1,1,2 0,1,3 0,0,4
C 3,1,1 1,2,1 2,2,1 3,2,1
C 3,1,1 3,2,1 2,3,1 3,3,1
C 3,1,1 2,1,2 1,2,2 1,1,3
C 0,2,1 1,2,1 2,2,1 0,3,1
C 0,2,1 1,2,1 2,2,1 2,3,1
C 0,2,1 0,3,1 1,3,1 2,3,1
C 0,2,1 1,0,2 0,1,2 0,0,3
C 1,2,1 2,2,1 3,2,1 1,3,1
C 1,2,1 2,2,1 3,2,1 3,3,1
C 1,2,1 1,3,1 2,3,1 3,3,1
C 1,2,1 2,0,2 1,1,2 1,0,3
C 1,2,1 1,1,2 0,2,2 1,0,3
C 1,2,1 1,1,2 1,0,3 0,0,4
C 1,2,1 0,2,2 0,1,3 0,0,4
C 2,2,1 0,3,1 1,3,1 2,3,1
C 2,2,1 0,0,2 1,1,2 0,0,3
C 2,2,1 1,1,2 2,2,2 0,0,3
C 2,2,1 1,1,2 0,0,3 0,0,4
C 2,2,1 2,2,2 1,1,3 0,0,4
C 3,2,1 1,3,1 2,3,1 3,3,1
C 3,2,1 1,0,2 2,1,2 1,0,3
C 0,3,1 1,1,2 0,2,2 0,1,3
C 1,3,1 2,1,2 1,2,2 1,1,3
C 2,3,1 0,1,2 1,2,2 0,1,3
C 3,3,1 1,1,2 2,2,2 1,1,3
C 0,0,2 1,0,2 2,0,2 0,1,2
C 0,0,2 1,0,2 2,0,2 2,1,2
C 0,0,2 1,0,2 0,1,2 0,2,2
C 0,0,2 1,0,2 1,1,2 1,2,2
C 0,0,2 0,1,2 1,1,2 2,1,2
C 0,0,2 0,1,2 0,2,2 1,2,2
C 0,0,2 0,0,3 1,1,3 0,0,4
C 1,0,2 2,0,2 1,1,2 1,2,2
C 1,0,2 2,0,2 2,1,2 2,2,2
C 1,0,2 1,1,2 0,2,2 1,2,2
C 1,0,2 1,1,2 1,2,2 2,2,2
C 2,0,2 0,1,2 1,1,2 2,1,2
C 2,0,2 2,1,2 1,2,2 2,2,2
C 2,0,2 1,0,3 0,1,3 0,0,4
C 0,1,2 1,1,2 2,1,2 0,2,2
C 0,1,2 1,1,2 2,1,2 2,2,2
C 0,1,2 0,2,2 1,2,2 2,2,2
C 2,1,2 0,2,2 1,2,2 2,2,2
C 0,2,2 1,0,3 0,1,3 0,0,4
C 2,2,2 0,0,3 1,1,3 0,0,4
D 0,0,0 1,0,0 2,0,0 0,1,0 0,2,0
D 0,0,0 1,0,0 2,0,0 0,1,0 0,2,0
D 0,0,0 1,0,0 2,0,0 2,1,0 2,2,0
D 0,0,0 0,1,0 0,2,0 1,2,0 2,2,0
D 0,0,0 2,2,0 0,0,1 1,1,1 0,0,2
D 1,0,0 2,0,0 3,0,0 1,1,0 1,2,0
D 1,0,0 2,0,0 3,0,0 1,1,0 1,2,0
D 1,0,0 2,0,0 3,0,0 3,1,0 3,2,0
D 1,0,0 1,1,0 1,2,0 2,2,0 3,2,0
D 1,0,0 3,2,0 1,0,1 2,1,1 1,0,2
D 2,0,0 3,0,0 4,0,0 2,1,0 2,2,0
D 2,0,0 3,0,0 4,0,0 4,1,0 4,2,0
D 2,0,0 2,1,0 0,2,0 1,2,0 2,2,0
D 2,0,0 2,1,0 0,2,0 1,2,0 2,2,0
D 2,0,0 2,1,0 2,2,0 3,2,0 4,2,0
D 2,0,0 0,2,0 1,0,1 0,1,1 0,0,2
D 2,0,0 0,2,0 1,0,1 0,1,1 0,0,2
D 2,0,0 4,2,0 2,0,1 3,1,1 2,0,2
D 3,0,0 3,1,0 1,2,0 2,2,0 3,2,0
D 3,0,0 3,1,0 1,2,0 2,2,0 3,2,0
D 3,0,0 1,2,0 2,0,1 1,1,1 1,0,2
D 3,0,0 1,2,0 2,0,1 1,1,1 1,0,2
D 4,0,0 4,1,0 2,2,0 3,2,0 4,2,0
D 4,0,0 4,1,0 2,2,0 3,2,0 4,2,0
D 4,0,0 2,2,0 3,0,1 2,1,1 2,0,2
D 0,1,0 1,1,0 2,1,0 0,2,0 0,3,0
D 0,1,0 1,1,0 2,1,0 0,2,0 0,3,0
D 0,1,0 1,1,0 2,1,0 2,2,0 2,3,0
D 0,1,0 0,2,0 0,3,0 1,3,0 2,3,0
D 0,1,0 2,3,0 0,1,1 1,2,1 0,1,2
D 1,1,0 2,1,0 3,1,0 1,2,0 1,3,0
D 1,1,0 2,1,0 3,1,0 1,2,0 1,3,0
D 1,1,0 2,1,0 3,1,0 3,2,0 3,3,0
D 1,1,0 1,2,0 1,3,0 2,3,0 3,3,0
D 1,1,0 3,3,0 1,1,1 2,2,1 1,1,2
D 2,1,0 3,1,0 4,1,0 2,2,0 2,3,0
D 2,1,0 3,1,0 4,1,0 2,2,0 2,3,0
D 2,1,0 3,1,0 4,1,0 4,2,0 4,3,0
D 2,1,0 2,2,0 0,3,0 1,3,0 2,3,0
D 2,1,0 2,2,0 0,3,0 1,3,0 2,3,0
D 2,1,0 2,2,0 2,3,0 3,3,0 4,3,0
D 2,1,0 0,3,0 1,1,1 0,2,1 0,1,2
D 2,1,0 0,3,0 1,1,1 0,2,1 0,1,2
D 2,1,0 4,3,0 2,1,1 3,2,1 2,1,2
D 3,1,0 3,2,0 1,3,0 2,3,0 3,3,0
D 3,1,0 3,2,0 1,3,0 2,3,0 3,3,0
D 3,1,0 1,3,0 2,1,1 1,2,1 1,1,2
D 3,1,0 1,3,0 2,1,1 1,2,1 1,1,2
D 4,1,0 4,2,0 2,3,0 3,3,0 4,3,0
D 4,1,0 4,2,0 2,3,0 3,3,0 4,3,0
D 4,1,0 2,3,0 3,1,1 2,2,1 2,1,2
D 4,1,0 2,3,0 3,1,1 2,2,1 2,1,2
D 0,2,0 1,2,0 2,2,0 0,3,0 0,4,0
D 0,2,0 1,2,0 2,2,0 0,3,0 0,4,0
D 0,2,0 1,2,0 2,2,0 2,3,0 2,4,0
D 0,2,0 0,3,0 0,4,0 1,4,0 2,4,0
D 0,2,0 2,4,0 0,2,1 1,3,1 0,2,2
D 1,2,0 2,2,0 3,2,0 1,3,0 1,4,0
D 1,2,0 2,2,0 3,2,0 1,3,0 1,4,0
D 1,2,0 2,2,0 3,2,0 3,3,0 3,4,0
D 1,2,0 1,3,0 1,4,0 2,4,0 3,4,0
D 1,2,0 3,4,0 1,2,1 2,3,1 1,2,2
D 2,2,0 3,2,0 4,2,0 2,3,0 2,4,0
D 2,2,0 3,2,0 4,2,0 2,3,0 2,4,0
D 2,2,0 3,2,0 4,2,0 4,3,0 4,4,0
D 2,2,0 2,3,0 0,4,0 1,4,0 2,4,0
D 2,2,0 2,3,0 0,4,0 1,4,0 2,4,0
D 2,2,0 2,3,0 2,4,0 3,4,0 4,4,0
D 2,2,0 0,4,0 1,2,1 0,3,1 0,2,2
D 2,2,0 0,4,0 1,2,1 0,3,1 0,2,2
D 2,2,0 4,4,0 2,2,1 3,3,1 2,2,2
D 2,2,0 1,1,1 2,2,1 0,0,2 2,2,2
D 2,2,0 1,1,1 0,0,2 0,0,3 0,0,4
D 2,2,0 2,1,1 1,2,1 2,0,2 0,2,2
D 2,2,0 2,1,1 1,2,1 2,0,2 0,2,2
D 2,2,0 2,1,1 2,0,2 1,0,3 0,0,4
D 2,2,0 1,2,1 0,2,2 0,1,3 0,0,4
D 2,2,0 2,2,1 2,2,2 1,1,3 0,0,4
D 3,2,0 3,3,0 1,4,0 2,4,0 3,4,0
D 3,2,0 3,3,0 1,4,0 2,4,0 3,4,0
D 3,2,0 1,4,0 2,2,1 1,3,1 1,2,2
D 3,2,0 1,4,0 2,2,1 1,3,1 1,2,2
D 4,2,0 4,3,0 2,4,0 3,4,0 4,4,0
D 4,2,0 4,3,0 2,4,0 3,4,0 4,4,0
D 4,2,0 2,4,0 3,2,1 2,3,1 2,2,2
D 4,2,0 2,4,0 3,2,1 2,3,1 2,2,2
D 0,0,1 1,0,1 2,0,1 0,1,1 0,2,1
D 0,0,1 1,0,1 2,0,1 0,1,1 0,2,1
D 0,0,1 1,0,1 2,0,1 2,1,1 2,2,1
D 0,0,1 0,1,1 0,2,1 1,2,1 2,2,1
D 0,0,1 2,2,1 0,0,2 1,1,2 0,0,3
D 1,0,1 2,0,1 3,0,1 1,1,1 1,2,1
D 1,0,1 2,0,1 3,0,1 1,1,1 1,2,1
D 1,0,1 2,0,1 3,0,1 3,1,1 3,2,1
D 1,0,1 1,1,1 1,2,1 2,2,1 3,2,1
D 1,0,1 3,2,1 1,0,2 2,1,2 1,0,3
D 2,0,1 2,1,1 0,2,1 1,2,1 2,2,1
D 2,0,1 2,1,1 0,2,1 1,2,1 2,2,1
D 2,0,1 0,2,1 1,0,2 0,1,2 0,0,3
D 2,0,1 0,2,1 1,0,2 0,1,2 0,0,3
D 3,0,1 3,1,1 1,2,1 2,2,1 3,2,1
D 3,0,1 3,1,1 1,2,1 2,2,1 3,2,1
D 3,0,1 1,2,1 2,0,2 1,1,2 1,0,3
D 3,0,1 1,2,1 2,0,2 1,1,2 1,0,3
D 0,1,1 1,1,1 2,1,1 0,2,1 0,3,1
D 0,1,1 1,1,1 2,1,1 0,2,1 0,3,1
D 0,1,1 1,1,1 2,1,1 2,2,1 2,3,1
D 0,1,1 0,2,1 0,3,1 1,3,1 2,3,1
D 0,1,1 2,3,1 0,1,2 1,2,2 0,1,3
D 1,1,1 2,1,1 3,1,1 1,2,1 1,3,1
D 1,1,1 2,1,1 3,1,1 1,2,1 1,3,1
D 1,1,1 2,1,1 3,1,1 3,2,1 3,3,1
D 1,1,1 1,2,1 1,3,1 2,3,1 3,3,1
D 1,1,1 3,3,1 1,1,2 2,2,2 1,1,3
D 2,1,1 2,2,1 0,3,1 1,3,1 2,3,1
D 2,1,1 2,2,1 0,3,1 1,3,1 2,3,1
D 2,1,1 0,3,1 1,1,2 0,2,2 0,1,3
D 2,1,1 0,3,1 1,1,2 0,2,2 0,1,3
D 3,1,1 3,2,1 1,3,1 2,3,1 3,3,1
D 3,1,1 3,2,1 1,3,1 2,3,1 3,3,1
D 3,1,1 1,3,1 2,1,2 1,2,2 1,1,3
D 3,1,1 1,3,1 2,1,2 1,2,2 1,1,3
D 0,0,2 1,0,2 2,0,2 0,1,2 0,2,2
D 0,0,2 1,0,2 2,0,2 0,1,2 0,2,2
D 0,0,2 1,0,2 2,0,2 2,1,2 2,2,2
D 0,0,2 0,1,2 0,2,2 1,2,2 2,2,2
D 0,0,2 2,2,2 0,0,3 1,1,3 0,0,4
D 2,0,2 2,1,2 0,2,2 1,2,2 2,2,2
D 2,0,2 2,1,2 0,2,2 1,2,2 2,2,2
D 2,0,2 0,2,2 1,0,3 0,1,3 0,0,4
D 2,0,2 0,2,2 1,0,3 0,1,3 0,0,4
E 0,0,0 1,0,0 2,0,0 0,1,0 1,1,0
E 0,0,0 1,0,0 2,0,0 1,1,0 2,1,0
E 0,0,0 1,0,0 0,1,0 1,1,0 2,1,0
E 0,0,0 1,0,0 0,1,0 1,1,0 0,2,0
E 0,0,0 1,0,0 0,1,0 1,1,0 1,2,0
E 0,0,0 0,1,0 1,1,0 0,2,0 1,2,0
E 0,0,0 1,1,0 0,0,1 1,1,1 0,0,2
E 1,0,0 2,0,0 3,0,0 1,1,0 2,1,0
E 1,0,0 2,0,0 3,0,0 2,1,0 3,1,0
E 1,0,0 2,0,0 0,1,0 1,1,0 2,1,0
E 1,0,0 2,0,0 1,1,0 2,1,0 3,1,0
E 1,0,0 2,0,0 1,1,0 2,1,0 1,2,0
E 1,0,0 2,0,0 1,1,0 2,1,0 2,2,0
E 1,0,0 0,1,0 1,1,0 0,2,0 1,2,0
E 1,0,0 1,1,0 2,1,0 1,2,0 2,2,0
E 1,0,0 2,1,0 1,0,1 2,1,1 1,0,2
E 2,0,0 3,0,0 4,0,0 2,1,0 3,1,0
E 2,0,0 3,0,0 4,0,0 3,1,0 4,1,0
E 2,0,0 3,0,0 1,1,0 2,1,0 3,1,0
E 2,0,0 3,0,0 2,1,0 3,1,0 4,1,0
E 2,0,0 3,0,0 2,1,0 3,1,0 2,2,0
E 2,0,0 3,0,0 2,1,0 3,1,0 3,2,0
E 2,0,0 1,1,0 2,1,0 1,2,0 2,2,0
E 2,0,0 1,1,0 1,0,1 0,1,1 0,0,2
E 2,0,0 2,1,0 3,1,0 2,2,0 3,2,0
E 2,0,0 3,1,0 2,0,1 3,1,1 2,0,2
E 3,0,0 4,0,0 2,1,0 3,1,0 4,1,0
E 3,0,0 4,0,0 3,1,0 4,1,0 3,2,0
E 3,0,0 4,0,0 3,1,0 4,1,0 4,2,0
E 3,0,0 2,1,0 3,1,0 2,2,0 3,2,0
E 3,0,0 2,1,0 2,0,1 1,1,1 1,0,2
E 3,0,0 3,1,0 4,1,0 3,2,0 4,2,0
E 4,0,0 3,1,0 4,1,0 3,2,0 4,2,0
E 4,0,0 3,1,0 3,0,1 2,1,1 2,0,2
E 0,1,0 1,1,0 2,1,0 0,2,0 1,2,0
E 0,1,0 1,1,0 2,1,0 1,2,0 2,2,0
E 0,1,0 1,1,0 0,2,0 1,2,0 2,2,0
E 0,1,0 1,1,0 0,2,0 1,2,0 0,3,0
E 0,1,0 1,1,0 0,2,0 1,2,0 1,3,0
E 0,1,0 0,2,0 1,2,0 0,3,0 1,3,0
E 0,1,0 1,2,0 0,1,1 1,2,1 0,1,2
E 1,1,0 2,1,0 3,1,0 1,2,0 2,2,0
E 1,1,0 2,1,0 3,1,0 2,2,0 3,2,0
E 1,1,0 2,1,0 0,2,0 1,2,0 2,2,0
E 1,1,0 2,1,0 1,2,0 2,2,0 3,2,0
E 1,1,0 2,1,0 1,2,0 2,2,0 1,3,0
E 1,1,0 2,1,0 1,2,0 2,2,0 2,3,0
E 1,1,0 0,2,0 1,2,0 0,3,0 1,3,0
E 1,1,0 0,2,0 1,0,1 0,1,1 0,0,2
E 1,1,0 1,2,0 2,2,0 1,3,0 2,3,0
E 1,1,0 2,2,0 0,0,1 1,1,1 0,0,2
E 1,1,0 2,2,0 1,1,1 2,2,1 1,1,2
E 1,1,0 0,0,1 1,1,1 0,0,2 1,1,2
E 1,1,0 0,0,1 1,1,1 0,0,2 0,0,3
E 1,1,0 1,1,1 0,0,2 1,1,2 0,0,3
E 2,1,0 3,1,0 4,1,0 2,2,0 3,2,0
E 2,1,0 3,1,0 4,1,0 3,2,0 4,2,0
E 2,1,0 3,1,0 1,2,0 2,2,0 3,2,0
E 2,1,0 3,1,0 2,2,0 3,2,0 4,2,0
E 2,1,0 3,1,0 2,2,0 3,2,0 2,3,0
E 2,1,0 3,1,0 2,2,0 3,2,0 3,3,0
E 2,1,0 1,2,0 2,2,0 1,3,0 2,3,0
E 2,1,0 1,2,0 2,0,1 1,1,1 1,0,2
E 2,1,0 1,2,0 1,1,1 0,2,1 0,1,2
E 2,1,0 2,2,0 3,2,0 2,3,0 3,3,0
E 2,1,0 3,2,0 1,0,1 2,1,1 1,0,2
E 2,1,0 3,2,0 2,1,1 3,2,1 2,1,2
E 2,1,0 1,0,1 2,1,1 1,0,2 2,1,2
E 2,1,0 1,0,1 2,1,1 1,0,2 1,0,3
E 2,1,0 2,0,1 1,1,1 1,0,2 0,1,2
E 2,1,0 2,0,1 1,1,1 1,0,2 0,0,3
E 2,1,0 1,1,1 1,0,2 0,1,2 0,0,3
E 2,1,0 2,1,1 1,0,2 2,1,2 1,0,3
E 3,1,0 4,1,0 2,2,0 3,2,0 4,2,0
E 3,1,0 4,1,0 3,2,0 4,2,0 3,3,0
E 3,1,0 4,1,0 3,2,0 4,2,0 4,3,0
E 3,1,0 2,2,0 3,2,0 2,3,0 3,3,0
E 3,1,0 2,2,0 3,0,1 2,1,1 2,0,2
E 3,1,0 2,2,0 2,1,1 1,2,1 1,1,2
E 3,1,0 3,2,0 4,2,0 3,3,0 4,3,0
E 3,1,0 4,2,0 2,0,1 3,1,1 2,0,2
E 3,1,0 3,0,1 2,1,1 2,0,2 1,1,2
E 3,1,0 3,0,1 2,1,1 2,0,2 1,0,3
E 3,1,0 2,1,1 2,0,2 1,1,2 1,0,3
E 4,1,0 3,2,0 4,2,0 3,3,0 4,3,0
E 4,1,0 3,2,0 3,1,1 2,2,1 2,1,2
E 0,2,0 1,2,0 2,2,0 0,3,0 1,3,0
E 0,2,0 1,2,0 2,2,0 1,3,0 2,3,0
E 0,2,0 1,2,0 0,3,0 1,3,0 2,3,0
E 0,2,0 1,2,0 0,3,0 1,3,0 0,4,0
E 0,2,0 1,2,0 0,3,0 1,3,0 1,4,0
E 0,2,0 0,3,0 1,3,0 0,4,0 1,4,0
E 0,2,0 1,3,0 0,2,1 1,3,1 0,2,2
E 1,2,0 2,2,0 3,2,0 1,3,0 2,3,0
E 1,2,0 2,2,0 3,2,0 2,3,0 3,3,0
E 1,2,0 2,2,0 0,3,0 1,3,0 2,3,0
E 1,2,0 2,2,0 1,3,0 2,3,0 3,3,0
E 1,2,0 2,2,0 1,3,0 2,3,0 1,4,0
E 1,2,0 2,2,0 1,3,0 2,3,0 2,4,0
E 1,2,0 0,3,0 1,3,0 0,4,0 1,4,0
E 1,2,0 0,3,0 1,1,1 0,2,1 0,1,2
E 1,2,0 1,3,0 2,3,0 1,4,0 2,4,0
E 1,2,0 2,3,0 0,1,1 1,2,1 0,1,2
E 1,2,0 2,3,0 1,2,1 2,3,1 1,2,2
E 1,2,0 0,1,1 1,2,1 0,1,2 1,2,2
E 1,2,0 0,1,1 1,2,1 0,1,2 0,1,3
E 1,2,0 1,1,1 0,2,1 1,0,2 0,1,2
E 1,2,0 1,1,1 0,2,1 0,1,2 0,0,3
E 1,2,0 1,1,1 1,0,2 0,1,2 0,0,3
E 1,2,0 1,2,1 0,1,2 1,2,2 0,1,3
E 2,2,0 3,2,0 4,2,0 2,3,0 3,3,0
E 2,2,0 3,2,0 4,2,0 3,3,0 4,3,0
E 2,2,0 3,2,0 1,3,0 2,3,0 3,3,0
E 2,2,0 3,2,0 2,3,0 3,3,0 4,3,0
E 2,2,0 3,2,0 2,3,0 3,3,0 2,4,0
E 2,2,0 3,2,0 2,3,0 3,3,0 3,4,0
E 2,2,0 1,3,0 2,3,0 1,4,0 2,4,0
E 2,2,0 1,3,0 2,1,1 1,2,1 1,1,2
E 2,2,0 1,3,0 1,2,1 0,3,1 0,2,2
E 2,2,0 2,3,0 3,3,0 2,4,0 3,4,0
E 2,2,0 3,3,0 1,1,1 2,2,1 1,1,2
E 2,2,0 3,3,0 2,2,1 3,3,1 2,2,2
E 2,2,0 1,1,1 2,2,1 0,0,2 1,1,2
E 2,2,0 1,1,1 2,2,1 1,1,2 2,2,2
E 2,2,0 1,1,1 2,2,1 1,1,2 0,0,3
E 2,2,0 1,1,1 2,2,1 1,1,2 1,1,3
E 2,2,0 1,1,1 0,0,2 1,1,2 0,0,3
E 2,2,0 2,1,1 1,2,1 2,0,2 1,1,2
E 2,2,0 2,1,1 1,2,1 1,1,2 0,2,2
E 2,2,0 2,1,1 1,2,1 1,1,2 1,0,3
E 2,2,0 2,1,1 1,2,1 1,1,2 0,1,3
E 2,2,0 2,1,1 2,0,2 1,1,2 1,0,3
E 2,2,0 1,2,1 1,1,2 0,2,2 0,1,3
E 2,2,0 2,2,1 1,1,2 2,2,2 1,1,3
E 3,2,0 4,2,0 2,3,0 3,3,0 4,3,0
E 3,2,0 4,2,0 3,3,0 4,3,0 3,4,0
E 3,2,0 4,2,0 3,3,0 4,3,0 4,4,0
E 3,2,0 2,3,0 3,3,0 2,4,0 3,4,0
E 3,2,0 2,3,0 3,1,1 2,2,1 2,1,2
E 3,2,0 2,3,0 2,2,1 1,3,1 1,2,2
E 3,2,0 3,3,0 4,3,0 3,4,0 4,4,0
E 3,2,0 4,3,0 2,1,1 3,2,1 2,1,2
E 3,2,0 2,1,1 3,2,1 1,0,2 2,1,2
E 3,2,0 2,1,1 3,2,1 2,1,2 1,0,3
E 3,2,0 2,1,1 1,0,2 2,1,2 1,0,3
E 3,2,0 3,1,1 2,2,1 2,1,2 1,2,2
E 3,2,0 3,1,1 2,2,1 2,1,2 1,1,3
E 3,2,0 2,2,1 2,1,2 1,2,2 1,1,3
E 4,2,0 3,3,0 4,3,0 3,4,0 4,4,0
E 4,2,0 3,3,0 3,2,1 2,3,1 2,2,2
E 0,3,0 1,3,0 2,3,0 0,4,0 1,4,0
E 0,3,0 1,3,0 2,3,0 1,4,0 2,4,0
E 0,3,0 1,3,0 0,4,0 1,4,0 2,4,0
E 1,3,0 2,3,0 3,3,0 1,4,0 2,4,0
E 1,3,0 2,3,0 3,3,0 2,4,0 3,4,0
E 1,3,0 2,3,0 0,4,0 1,4,0 2,4,0
E 1,3,0 2,3,0 1,4,0 2,4,0 3,4,0
E 1,3,0 0,4,0 1,2,1 0,3,1 0,2,2
E 1,3,0 2,4,0 0,2,1 1,3,1 0,2,2
E 1,3,0 1,2,1 0,3,1 1,1,2 0,2,2
E 1,3,0 1,2,1 0,3,1 0,2,2 0,1,3
E 1,3,0 1,2,1 1,1,2 0,2,2 0,1,3
E 2,3,0 3,3,0 4,3,0 2,4,0 3,4,0
E 2,3,0 3,3,0 4,3,0 3,4,0 4,4,0
E 2,3,0 3,3,0 1,4,0 2,4,0 3,4,0
E 2,3,0 3,3,0 2,4,0 3,4,0 4,4,0
E 2,3,0 1,4,0 2,2,1 1,3,1 1,2,2
E 2,3,0 3,4,0 1,2,1 2,3,1 1,2,2
E 2,3,0 1,2,1 2,3,1 0,1,2 1,2,2
E 2,3,0 1,2,1 2,3,1 1,2,2 0,1,3
E 2,3,0 1,2,1 0,1,2 1,2,2 0,1,3
E 2,3,0 2,2,1 1,3,1 2,1,2 1,2,2
E 2,3,0 2,2,1 1,3,1 1,2,2 1,1,3
E 2,3,0 2,2,1 2,1,2 1,2,2 1,1,3
E 3,3,0 4,3,0 2,4,0 3,4,0 4,4,0
E 3,3,0 2,4,0 3,2,1 2,3,1 2,2,2
E 3,3,0 4,4,0 2,2,1 3,3,1 2,2,2
E 3,3,0 2,2,1 3,3,1 1,1,2 2,2,2
E 3,3,0 2,2,1 3,3,1 2,2,2 1,1,3
E 3,3,0 2,2,1 1,1,2 2,2,2 1,1,3
E 0,0,1 1,0,1 2,0,1 0,1,1 1,1,1
E 0,0,1 1,0,1 2,0,1 1,1,1 2,1,1
E 0,0,1 1,0,1 0,1,1 1,1,1 2,1,1
E 0,0,1 1,0,1 0,1,1 1,1,1 0,2,1
E 0,0,1 1,0,1 0,1,1 1,1,1 1,2,1
E 0,0,1 0,1,1 1,1,1 0,2,1 1,2,1
E 0,0,1 1,1,1 0,0,2 1,1,2 0,0,3
E 1,0,1 2,0,1 3,0,1 1,1,1 2,1,1
E 1,0,1 2,0,1 3,0,1 2,1,1 3,1,1
E 1,0,1 2,0,1 0,1,1 1,1,1 2,1,1
E 1,0,1 2,0,1 1,1,1 2,1,1 3,1,1
E 1,0,1 2,0,1 1,1,1 2,1,1 1,2,1
E 1,0,1 2,0,1 1,1,1 2,1,1 2,2,1
E 1,0,1 0,1,1 1,1,1 0,2,1 1,2,1
E 1,0,1 1,1,1 2,1,1 1,2,1 2,2,1
E 1,0,1 2,1,1 1,0,2 2,1,2 1,0,3
E 2,0,1 3,0,1 1,1,1 2,1,1 3,1,1
E 2,0,1 3,0,1 2,1,1 3,1,1 2,2,1
E 2,0,1 3,0,1 2,1,1 3,1,1 3,2,1
E 2,0,1 1,1,1 2,1,1 1,2,1 2,2,1
E 2,0,1 1,1,1 1,0,2 0,1,2 0,0,3
E 2,0,1 2,1,1 3,1,1 2,2,1 3,2,1
E 3,0,1 2,1,1 3,1,1 2,2,1 3,2,1
E 3,0,1 2,1,1 2,0,2 1,1,2 1,0,3
E 0,1,1 1,1,1 2,1,1 0,2,1 1,2,1
E 0,1,1 1,1,1 2,1,1 1,2,1 2,2,1
E 0,1,1 1,1,1 0,2,1 1,2,1 2,2,1
E 0,1,1 1,1,1 0,2,1 1,2,1 0,3,1
E 0,1,1 1,1,1 0,2,1 1,2,1 1,3,1
E 0,1,1 0,2,1 1,2,1 0,3,1 1,3,1
E 0,1,1 1,2,1 0,1,2 1,2,2 0,1,3
E 1,1,1 2,1,1 3,1,1 1,2,1 2,2,1
E 1,1,1 2,1,1 3,1,1 2,2,1 3,2,1
E 1,1,1 2,1,1 0,2,1 1,2,1 2,2,1
E 1,1,1 2,1,1 1,2,1 2,2,1 3,2,1
E 1,1,1 2,1,1 1,2,1 2,2,1 1,3,1
E 1,1,1 2,1,1 1,2,1 2,2,1 2,3,1
E 1,1,1 0,2,1 1,2,1 0,3,1 1,3,1
E 1,1,1 0,2,1 1,0,2 0,1,2 0,0,3
E 1,1,1 1,2,1 2,2,1 1,3,1 2,3,1
E 1,1,1 2,2,1 0,0,2 1,1,2 0,0,3
E 1,1,1 2,2,1 1,1,2 2,2,2 1,1,3
E 1,1,1 0,0,2 1,1,2 0,0,3 1,1,3
E 1,1,1 0,0,2 1,1,2 0,0,3 0,0,4
E 1,1,1 1,1,2 0,0,3 1,1,3 0,0,4
E 2,1,1 3,1,1 1,2,1 2,2,1 3,2,1
E 2,1,1 3,1,1 2,2,1 3,2,1 2,3,1
E 2,1,1 3,1,1 2,2,1 3,2,1 3,3,1
E 2,1,1 1,2,1 2,2,1 1,3,1 2,3,1
E 2,1,1 1,2,1 2,0,2 1,1,2 1,0,3
E 2,1,1 1,2,1 1,1,2 0,2,2 0,1,3
E 2,1,1 2,2,1 3,2,1 2,3,1 3,3,1
E 2,1,1 3,2,1 1,0,2 2,1,2 1,0,3
E 2,1,1 2,0,2 1,1,2 1,0,3 0,1,3
E 2,1,1 2,0,2 1,1,2 1,0,3 0,0,4
E 2,1,1 1,1,2 1,0,3 0,1,3 0,0,4
E 3,1,1 2,2,1 3,2,1 2,3,1 3,3,1
E 3,1,1 2,2,1 2,1,2 1,2,2 1,1,3
E 0,2,1 1,2,1 2,2,1 0,3,1 1,3,1
E 0,2,1 1,2,1 2,2,1 1,3,1 2,3,1
E 0,2,1 1,2,1 0,3,1 1,3,1 2,3,1
E 1,2,1 2,2,1 3,2,1 1,3,1 2,3,1
E 1,2,1 2,2,1 3,2,1 2,3,1 3,3,1
E 1,2,1 2,2,1 0,3,1 1,3,1 2,3,1
E 1,2,1 2,2,1 1,3,1 2,3,1 3,3,1
E 1,2,1 0,3,1 1,1,2 0,2,2 0,1,3
E 1,2,1 2,3,1 0,1,2 1,2,2 0,1,3
E 1,2,1 1,1,2 0,2,2 1,0,3 0,1,3
E 1,2,1 1,1,2 0,2,2 0,1,3 0,0,4
E 1,2,1 1,1,2 1,0,3 0,1,3 0,0,4
E 2,2,1 3,2,1 1,3,1 2,3,1 3,3,1
E 2,2,1 1,3,1 2,1,2 1,2,2 1,1,3
E 2,2,1 3,3,1 1,1,2 2,2,2 1,1,3
E 2,2,1 1,1,2 2,2,2 0,0,3 1,1,3
E 2,2,1 1,1,2 2,2,2 1,1,3 0,0,4
E 2,2,1 1,1,2 0,0,3 1,1,3 0,0,4
E 0,0,2 1,0,2 2,0,2 0,1,2 1,1,2
E 0,0,2 1,0,2 2,0,2 1,1,2 2,1,2
E 0,0,2 1,0,2 0,1,2 1,1,2 2,1,2
E 0,0,2 1,0,2 0,1,2 1,1,2 0,2,2
E 0,0,2 1,0,2 0,1,2 1,1,2 1,2,2
E 0,0,2 0,1,2 1,1,2 0,2,2 1,2,2
E 0,0,2 1,1,2 0,0,3 1,1,3 0,0,4
E 1,0,2 2,0,2 0,1,2 1,1,2 2,1,2
E 1,0,2 2,0,2 1,1,2 2,1,2 1,2,2
E 1,0,2 2,0,2 1,1,2 2,1,2 2,2,2
E 1,0,2 0,1,2 1,1,2 0,2,2 1,2,2
E 1,0,2 1,1,2 2,1,2 1,2,2 2,2,2
E 2,0,2 1,1,2 2,1,2 1,2,2 2,2,2
E 2,0,2 1,1,2 1,0,3 0,1,3 0,0,4
E 0,1,2 1,1,2 2,1,2 0,2,2 1,2,2
E 0,1,2 1,1,2 2,1,2 1,2,2 2,2,2
E 0,1,2 1,1,2 0,2,2 1,2,2 2,2,2
E 1,1,2 2,1,2 0,2,2 1,2,2 2,2,2
E 1,1,2 0,2,2 1,0,3 0,1,3 0,0,4
E 1,1,2 2,2,2 0,0,3 1,1,3 0,0,4
F 1,0,0 0,1,0 1,1,0 2,1,0 1,2,0
F 2,0,0 1,1,0 2,1,0 3,1,0 2,2,0
F 3,0,0 2,1,0 3,1,0 4,1,0 3,2,0
F 1,1,0 0,2,0 1,2,0 2,2,0 1,3,0
F 1,1,0 2,2,0 1,1,1 0,0,2 1,1,2
F 2,1,0 1,2,0 2,2,0 3,2,0 2,3,0
F 2,1,0 1,2,0 1,1,1 1,0,2 0,1,2
F 2,1,0 3,2,0 2,1,1 1,0,2 2,1,2
F 3,1,0 2,2,0 3,2,0 4,2,0 3,3,0
F 3,1,0 2,2,0 2,1,1 2,0,2 1,1,2
F 1,2,0 0,3,0 1,3,0 2,3,0 1,4,0
F 1,2,0 2,3,0 1,2,1 0,1,2 1,2,2
F 2,2,0 1,3,0 2,3,0 3,3,0 2,4,0
F 2,2,0 1,3,0 1,2,1 1,1,2 0,2,2
F 2,2,0 3,3,0 2,2,1 1,1,2 2,2,2
F 3,2,0 2,3,0 3,3,0 4,3,0 3,4,0
F 3,2,0 2,3,0 2,2,1 2,1,2 1,2,2
F 1,0,1 0,1,1 1,1,1 2,1,1 1,2,1
F 2,0,1 1,1,1 2,1,1 3,1,1 2,2,1
F 1,1,1 0,2,1 1,2,1 2,2,1 1,3,1
F 1,1,1 2,2,1 1,1,2 0,0,3 1,1,3
F 2,1,1 1,2,1 2,2,1 3,2,1 2,3,1
F 2,1,1 1,2,1 1,1,2 1,0,3 0,1,3
F 1,0,2 0,1,2 1,1,2 2,1,2 1,2,2
G 0,0,0 1,0,0 1,1,0 2,1,0 2,2,0
G 0,0,0 0,1,0 1,1,0 1,2,0 2,2,0
G 0,0,0 1,1,0 2,2,0 0,0,1 1,1,1
G 1,0,0 2,0,0 0,1,0 1,1,0 0,2,0
G 1,0,0 2,0,0 0,1,0 1,1,0 0,2,0
G 1,0,0 2,0,0 2,1,0 3,1,0 3,2,0
G 1,0,0 1,1,0 2,1,0 2,2,0 3,2,0
G 1,0,0 2,1,0 3,2,0 1,0,1 2,1,1
G 2,0,0 3,0,0 1,1,0 2,1,0 1,2,0
G 2,0,0 3,0,0 1,1,0 2,1,0 1,2,0
G 2,0,0 3,0,0 3,1,0 4,1,0 4,2,0
G 2,0,0 1,1,0 2,1,0 0,2,0 1,2,0
G 2,0,0 1,1,0 2,1,0 0,2,0 1,2,0
G 2,0,0 1,1,0 0,2,0 1,0,1 0,1,1
G 2,0,0 1,1,0 0,2,0 1,0,1 0,1,1
G 2,0,0 2,1,0 3,1,0 3,2,0 4,2,0
G 2,0,0 3,1,0 4,2,0 2,0,1 3,1,1
G 3,0,0 4,0,0 2,1,0 3,1,0 2,2,0
G 3,0,0 2,1,0 3,1,0 1,2,0 2,2,0
G 3,0,0 2,1,0 3,1,0 1,2,0 2,2,0
G 3,0,0 2,1,0 1,2,0 2,0,1 1,1,1
G 3,0,0 2,1,0 1,2,0 2,0,1 1,1,1
G 4,0,0 3,1,0 4,1,0 2,2,0 3,2,0
G 4,0,0 3,1,0 4,1,0 2,2,0 3,2,0
G 4,0,0 3,1,0 2,2,0 3,0,1 2,1,1
G 0,1,0 1,1,0 1,2,0 2,2,0 2,3,0
G 0,1,0 0,2,0 1,2,0 1,3,0 2,3,0
G 0,1,0 1,2,0 2,3,0 0,1,1 1,2,1
G 1,1,0 2,1,0 0,2,0 1,2,0 0,3,0
G 1,1,0 2,1,0 2,2,0 3,2,0 3,3,0
G 1,1,0 1,2,0 2,2,0 2,3,0 3,3,0
G 1,1,0 2,2,0 3,3,0 1,1,1 2,2,1
G 1,1,0 2,2,0 0,0,1 1,1,1 2,2,1
G 2,1,0 3,1,0 1,2,0 2,2,0 1,3,0
G 2,1,0 3,1,0 1,2,0 2,2,0 1,3,0
G 2,1,0 3,1,0 3,2,0 4,2,0 4,3,0
G 2,1,0 1,2,0 2,2,0 0,3,0 1,3,0
G 2,1,0 1,2,0 2,2,0 0,3,0 1,3,0
G 2,1,0 1,2,0 0,3,0 1,1,1 0,2,1
G 2,1,0 1,2,0 2,0,1 1,1,1 0,2,1
G 2,1,0 1,2,0 2,0,1 1,1,1 0,2,1
G 2,1,0 2,2,0 3,2,0 3,3,0 4,3,0
G 2,1,0 3,2,0 4,3,0 2,1,1 3,2,1
G 2,1,0 3,2,0 1,0,1 2,1,1 3,2,1
G 3,1,0 4,1,0 2,2,0 3,2,0 2,3,0
G 3,1,0 4,1,0 2,2,0 3,2,0 2,3,0
G 3,1,0 2,2,0 3,2,0 1,3,0 2,3,0
G 3,1,0 2,2,0 3,2,0 1,3,0 2,3,0
G 3,1,0 2,2,0 1,3,0 2,1,1 1,2,1
G 3,1,0 2,2,0 1,3,0 2,1,1 1,2,1
G 3,1,0 2,2,0 3,0,1 2,1,1 1,2,1
G 3,1,0 2,2,0 3,0,1 2,1,1 1,2,1
G 4,1,0 3,2,0 4,2,0 2,3,0 3,3,0
G 4,1,0 3,2,0 4,2,0 2,3,0 3,3,0
G 4,1,0 3,2,0 2,3,0 3,1,1 2,2,1
G 4,1,0 3,2,0 2,3,0 3,1,1 2,2,1
G 0,2,0 1,2,0 1,3,0 2,3,0 2,4,0
G 0,2,0 0,3,0 1,3,0 1,4,0 2,4,0
G 0,2,0 1,3,0 2,4,0 0,2,1 1,3,1
G 1,2,0 2,2,0 0,3,0 1,3,0 0,4,0
G 1,2,0 2,2,0 0,3,0 1,3,0 0,4,0
G 1,2,0 2,2,0 2,3,0 3,3,0 3,4,0
G 1,2,0 1,3,0 2,3,0 2,4,0 3,4,0
G 1,2,0 2,3,0 3,4,0 1,2,1 2,3,1
G 1,2,0 2,3,0 0,1,1 1,2,1 2,3,1
G 2,2,0 3,2,0 1,3,0 2,3,0 1,4,0
G 2,2,0 3,2,0 1,3,0 2,3,0 1,4,0
G 2,2,0 3,2,0 3,3,0 4,3,0 4,4,0
G 2,2,0 1,3,0 2,3,0 0,4,0 1,4,0
G 2,2,0 1,3,0 2,3,0 0,4,0 1,4,0
G 2,2,0 1,3,0 0,4,0 1,2,1 0,3,1
G 2,2,0 1,3,0 0,4,0 1,2,1 0,3,1
G 2,2,0 1,3,0 2,1,1 1,2,1 0,3,1
G 2,2,0 1,3,0 2,1,1 1,2,1 0,3,1
G 2,2,0 2,3,0 3,3,0 3,4,0 4,4,0
G 2,2,0 3,3,0 4,4,0 2,2,1 3,3,1
G 2,2,0 3,3,0 1,1,1 2,2,1 3,3,1
G 2,2,0 1,1,1 1,1,2 0,0,3 0,0,4
G 2,2,0 2,1,1 1,1,2 1,0,3 0,0,4
G 2,2,0 1,2,1 1,1,2 0,1,3 0,0,4
G 2,2,0 2,2,1 1,1,2 1,1,3 0,0,4
G 3,2,0 4,2,0 2,3,0 3,3,0 2,4,0
G 3,2,0 4,2,0 2,3,0 3,3,0 2,4,0
G 3,2,0 2,3,0 3,3,0 1,4,0 2,4,0
G 3,2,0 2,3,0 3,3,0 1,4,0 2,4,0
G 3,2,0 2,3,0 1,4,0 2,2,1 1,3,1
G 3,2,0 2,3,0 1,4,0 2,2,1 1,3,1
G 3,2,0 2,3,0 3,1,1 2,2,1 1,3,1
G 3,2,0 2,3,0 3,1,1 2,2,1 1,3,1
G 4,2,0 3,3,0 4,3,0 2,4,0 3,4,0
G 4,2,0 3,3,0 4,3,0 2,4,0 3,4,0
G 4,2,0 3,3,0 2,4,0 3,2,1 2,3,1
G 4,2,0 3,3,0 2,4,0 3,2,1 2,3,1
G 0,0,1 1,0,1 1,1,1 2,1,1 2,2,1
G 0,0,1 0,1,1 1,1,1 1,2,1 2,2,1
G 0,0,1 1,1,1 2,2,1 0,0,2 1,1,2
G 1,0,1 2,0,1 0,1,1 1,1,1 0,2,1
G 1,0,1 2,0,1 0,1,1 1,1,1 0,2,1
G 1,0,1 2,0,1 2,1,1 3,1,1 3,2,1
G 1,0,1 1,1,1 2,1,1 2,2,1 3,2,1
G 1,0,1 2,1,1 3,2,1 1,0,2 2,1,2
G 2,0,1 3,0,1 1,1,1 2,1,1 1,2,1
G 2,0,1 3,0,1 1,1,1 2,1,1 1,2,1
G 2,0,1 1,1,1 2,1,1 0,2,1 1,2,1
G 2,0,1 1,1,1 2,1,1 0,2,1 1,2,1
G 2,0,1 1,1,1 0,2,1 1,0,2 0,1,2
G 2,0,1 1,1,1 0,2,1 1,0,2 0,1,2
G 3,0,1 2,1,1 3,1,1 1,2,1 2,2,1
G 3,0,1 2,1,1 3,1,1 1,2,1 2,2,1
G 3,0,1 2,1,1 1,2,1 2,0,2 1,1,2
G 3,0,1 2,1,1 1,2,1 2,0,2 1,1,2
G 0,1,1 1,1,1 1,2,1 2,2,1 2,3,1
G 0,1,1 0,2,1 1,2,1 1,3,1 2,3,1
G 0,1,1 1,2,1 2,3,1 0,1,2 1,2,2
G 1,1,1 2,1,1 0,2,1 1,2,1 0,3,1
G 1,1,1 2,1,1 2,2,1 3,2,1 3,3,1
G 1,1,1 1,2,1 2,2,1 2,3,1 3,3,1
G 1,1,1 2,2,1 3,3,1 1,1,2 2,2,2
G 1,1,1 2,2,1 0,0,2 1,1,2 2,2,2
G 2,1,1 3,1,1 1,2,1 2,2,1 1,3,1
G 2,1,1 3,1,1 1,2,1 2,2,1 1,3,1
G 2,1,1 1,2,1 2,2,1 0,3,1 1,3,1
G 2,1,1 1,2,1 2,2,1 0,3,1 1,3,1
G 2,1,1 1,2,1 0,3,1 1,1,2 0,2,2
G 2,1,1 1,2,1 2,0,2 1,1,2 0,2,2
G 2,1,1 1,2,1 2,0,2 1,1,2 0,2,2
G 3,1,1 2,2,1 3,2,1 1,3,1 2,3,1
G 3,1,1 2,2,1 3,2,1 1,3,1 2,3,1
G 3,1,1 2,2,1 1,3,1 2,1,2 1,2,2
G 3,1,1 2,2,1 1,3,1 2,1,2 1,2,2
G 0,0,2 1,0,2 1,1,2 2,1,2 2,2,2
G 0,0,2 0,1,2 1,1,2 1,2,2 2,2,2
G 0,0,2 1,1,2 2,2,2 0,0,3 1,1,3
G 1,0,2 2,0,2 0,1,2 1,1,2 0,2,2
G 1,0,2 2,0,2 0,1,2 1,1,2 0,2,2
G 2,0,2 1,1,2 2,1,2 0,2,2 1,2,2
G 2,0,2 1,1,2 2,1,2 0,2,2 1,2,2
G 2,0,2 1,1,2 0,2,2 1,0,3 0,1,3
G 2,0,2 1,1,2 0,2,2 1,0,3 0,1,3
H 0,0,0 1,0,0 2,0,0 2,1,0 3,1,0
H 0,0,0 1,0,0 1,1,0 2,1,0 3,1,0
H 0,0,0 0,1,0 1,1,0 1,2,0 1,3,0
H 0,0,0 0,1,0 0,2,0 1,2,0 1,3,0
H 0,0,0 1,1,0 0,0,1 1,1,1 1,1,2
H 0,0,0 0,0,1 1,1,1 0,0,2 1,1,2
H 1,0,0 2,0,0 3,0,0 0,1,0 1,1,0
H 1,0,0 2,0,0 3,0,0 3,1,0 4,1,0
H 1,0,0 2,0,0 2,1,0 3,1,0 4,1,0
H 1,0,0 0,1,0 1,1,0 0,2,0 0,3,0
H 1,0,0 1,1,0 2,1,0 2,2,0 2,3,0
H 1,0,0 1,1,0 0,2,0 1,2,0 0,3,0
H 1,0,0 1,1,0 1,2,0 2,2,0 2,3,0
H 1,0,0 2,1,0 1,0,1 2,1,1 2,1,2
H 1,0,0 1,0,1 2,1,1 1,0,2 2,1,2
H 2,0,0 3,0,0 4,0,0 1,1,0 2,1,0
H 2,0,0 3,0,0 0,1,0 1,1,0 2,1,0
H 2,0,0 1,1,0 2,1,0 1,2,0 1,3,0
H 2,0,0 2,1,0 3,1,0 3,2,0 3,3,0
H 2,0,0 2,1,0 1,2,0 2,2,0 1,3,0
H 2,0,0 2,1,0 2,2,0 3,2,0 3,3,0
H 3,0,0 4,0,0 1,1,0 2,1,0 3,1,0
H 3,0,0 2,1,0 3,1,0 2,2,0 2,3,0
H 3,0,0 2,1,0 2,0,1 1,1,1 0,1,2
H 3,0,0 3,1,0 4,1,0 4,2,0 4,3,0
H 3,0,0 3,1,0 2,2,0 3,2,0 2,3,0
H 3,0,0 3,1,0 3,2,0 4,2,0 4,3,0
H 3,0,0 2,0,1 1,1,1 1,0,2 0,1,2
H 4,0,0 3,1,0 4,1,0 3,2,0 3,3,0
H 4,0,0 3,1,0 3,0,1 2,1,1 1,1,2
H 4,0,0 4,1,0 3,2,0 4,2,0 3,3,0
H 4,0,0 3,0,1 2,1,1 2,0,2 1,1,2
H 0,1,0 1,1,0 2,1,0 2,2,0 3,2,0
H 0,1,0 1,1,0 1,2,0 2,2,0 3,2,0
H 0,1,0 0,2,0 1,2,0 1,3,0 1,4,0
H 0,1,0 0,2,0 0,3,0 1,3,0 1,4,0
H 0,1,0 1,2,0 0,1,1 1,2,1 1,2,2
H 0,1,0 0,1,1 1,2,1 0,1,2 1,2,2
H 1,1,0 2,1,0 3,1,0 0,2,0 1,2,0
H 1,1,0 2,1,0 3,1,0 3,2,0 4,2,0
H 1,1,0 2,1,0 2,2,0 3,2,0 4,2,0
H 1,1,0 0,2,0 1,2,0 0,3,0 0,4,0
H 1,1,0 1,2,0 2,2,0 2,3,0 2,4,0
H 1,1,0 1,2,0 0,3,0 1,3,0 0,4,0
H 1,1,0 1,2,0 1,3,0 2,3,0 2,4,0
H 1,1,0 2,2,0 1,1,1 2,2,1 2,2,2
H 1,1,0 1,1,1 2,2,1 1,1,2 2,2,2
H 1,1,0 1,1,1 0,0,2 0,0,3 0,0,4
H 1,1,0 1,1,1 1,1,2 0,0,3 0,0,4
H 2,1,0 3,1,0 4,1,0 1,2,0 2,2,0
H 2,1,0 3,1,0 0,2,0 1,2,0 2,2,0
H 2,1,0 1,2,0 2,2,0 1,3,0 1,4,0
H 2,1,0 2,2,0 3,2,0 3,3,0 3,4,0
H 2,1,0 2,2,0 1,3,0 2,3,0 1,4,0
H 2,1,0 2,2,0 2,3,0 3,3,0 3,4,0
H 3,1,0 4,1,0 1,2,0 2,2,0 3,2,0
H 3,1,0 2,2,0 3,2,0 2,3,0 2,4,0
H 3,1,0 2,2,0 2,1,1 1,2,1 0,2,2
H 3,1,0 3,2,0 4,2,0 4,3,0 4,4,0
H 3,1,0 3,2,0 2,3,0 3,3,0 2,4,0
H 3,1,0 3,2,0 3,3,0 4,3,0 4,4,0
H 3,1,0 2,1,1 1,2,1 1,1,2 0,2,2
H 3,1,0 2,1,1 2,0,2 1,0,3 0,0,4
H 3,1,0 2,1,1 1,1,2 1,0,3 0,0,4
H 4,1,0 3,2,0 4,2,0 3,3,0 3,4,0
H 4,1,0 3,2,0 3,1,1 2,2,1 1,2,2
H 4,1,0 4,2,0 3,3,0 4,3,0 3,4,0
H 4,1,0 3,1,1 2,2,1 2,1,2 1,2,2
H 0,2,0 1,2,0 2,2,0 2,3,0 3,3,0
H 0,2,0 1,2,0 1,3,0 2,3,0 3,3,0
H 1,2,0 2,2,0 3,2,0 0,3,0 1,3,0
H 1,2,0 2,2,0 3,2,0 3,3,0 4,3,0
H 1,2,0 2,2,0 2,3,0 3,3,0 4,3,0
H 1,2,0 0,3,0 1,1,1 0,2,1 1,0,2
H 2,2,0 3,2,0 4,2,0 1,3,0 2,3,0
H 2,2,0 3,2,0 0,3,0 1,3,0 2,3,0
H 2,2,0 1,3,0 2,1,1 1,2,1 2,0,2
H 2,2,0 3,3,0 1,1,1 2,2,1 0,0,2
H 3,2,0 4,2,0 1,3,0 2,3,0 3,3,0
H 3,2,0 4,3,0 2,1,1 3,2,1 1,0,2
H 0,3,0 1,3,0 2,3,0 2,4,0 3,4,0
H 0,3,0 1,3,0 1,4,0 2,4,0 3,4,0
H 0,3,0 1,1,1 0,2,1 1,0,2 0,1,2
H 1,3,0 2,3,0 3,3,0 0,4,0 1,4,0
H 1,3,0 2,3,0 3,3,0 3,4,0 4,4,0
H 1,3,0 2,3,0 2,4,0 3,4,0 4,4,0
H 1,3,0 0,4,0 1,2,1 0,3,1 1,1,2
H 1,3,0 2,1,1 1,2,1 2,0,2 1,1,2
H 1,3,0 1,2,1 1,1,2 0,1,3 0,0,4
H 1,3,0 1,2,1 0,2,2 0,1,3 0,0,4
H 2,3,0 3,3,0 4,3,0 1,4,0 2,4,0
H 2,3,0 3,3,0 0,4,0 1,4,0 2,4,0
H 2,3,0 1,4,0 2,2,1 1,3,1 2,1,2
H 2,3,0 3,4,0 1,2,1 2,3,1 0,1,2
H 3,3,0 4,3,0 1,4,0 2,4,0 3,4,0
H 3,3,0 4,4,0 2,2,1 3,3,1 1,1,2
H 3,3,0 1,1,1 2,2,1 0,0,2 1,1,2
H 3,3,0 2,2,1 1,1,2 1,1,3 0,0,4
H 3,3,0 2,2,1 2,2,2 1,1,3 0,0,4
H 4,3,0 2,1,1 3,2,1 1,0,2 2,1,2
H 0,4,0 1,2,1 0,3,1 1,1,2 0,2,2
H 1,4,0 2,2,1 1,3,1 2,1,2 1,2,2
H 3,4,0 1,2,1 2,3,1 0,1,2 1,2,2
H 4,4,0 2,2,1 3,3,1 1,1,2 2,2,2
H 0,0,1 1,0,1 2,0,1 2,1,1 3,1,1
H 0,0,1 1,0,1 1,1,1 2,1,1 3,1,1
H 0,0,1 0,1,1 1,1,1 1,2,1 1,3,1
H 0,0,1 0,1,1 0,2,1 1,2,1 1,3,1
H 0,0,1 1,1,1 0,0,2 1,1,2 1,1,3
H 0,0,1 0,0,2 1,1,2 0,0,3 1,1,3
H 1,0,1 2,0,1 3,0,1 0,1,1 1,1,1
H 1,0,1 0,1,1 1,1,1 0,2,1 0,3,1
H 1,0,1 1,1,1 2,1,1 2,2,1 2,3,1
H 1,0,1 1,1,1 0,2,1 1,2,1 0,3,1
H 1,0,1 1,1,1 1,2,1 2,2,1 2,3,1
H 2,0,1 3,0,1 0,1,1 1,1,1 2,1,1
H 2,0,1 1,1,1 2,1,1 1,2,1 1,3,1
H 2,0,1 2,1,1 3,1,1 3,2,1 3,3,1
H 2,0,1 2,1,1 1,2,1 2,2,1 1,3,1
H 2,0,1 2,1,1 2,2,1 3,2,1 3,3,1
H 3,0,1 2,1,1 3,1,1 2,2,1 2,3,1
H 3,0,1 2,1,1 2,0,2 1,1,2 0,1,3
H 3,0,1 3,1,1 2,2,1 3,2,1 2,3,1
H 3,0,1 2,0,2 1,1,2 1,0,3 0,1,3
H 0,1,1 1,1,1 2,1,1 2,2,1 3,2,1
H 0,1,1 1,1,1 1,2,1 2,2,1 3,2,1
H 1,1,1 2,1,1 3,1,1 0,2,1 1,2,1
H 2,1,1 3,1,1 0,2,1 1,2,1 2,2,1
H 0,2,1 1,2,1 2,2,1 2,3,1 3,3,1
H 0,2,1 1,2,1 1,3,1 2,3,1 3,3,1
H 1,2,1 2,2,1 3,2,1 0,3,1 1,3,1
H 1,2,1 0,3,1 1,1,2 0,2,2 1,0,3
H 2,2,1 3,2,1 0,3,1 1,3,1 2,3,1
H 2,2,1 3,3,1 1,1,2 2,2,2 0,0,3
H 0,3,1 1,1,2 0,2,2 1,0,3 0,1,3
H 3,3,1 1,1,2 2,2,2 0,0,3 1,1,3
I 0,0,0 1,0,0 0,1,0
I 0,0,0 1,0,0 0,1,0
I 0,0,0 1,0,0 1,1,0
I 0,0,0 0,1,0 1,1,0
I 0,0,0 1,1,0 0,0,1
I 1,0,0 2,0,0 1,1,0
I 1,0,0 2,0,0 1,1,0
I 1,0,0 2,0,0 2,1,0
I 1,0,0 0,1,0 1,1,0
I 1,0,0 0,1,0 1,1,0
I 1,0,0 0,1,0 0,0,1
I 1,0,0 0,1,0 0,0,1
I 1,0,0 1,1,0 2,1,0
I 1,0,0 2,1,0 1,0,1
I 2,0,0 3,0,0 2,1,0
I 2,0,0 3,0,0 2,1,0
I 2,0,0 3,0,0 3,1,0
I 2,0,0 1,1,0 2,1,0
I 2,0,0 1,1,0 2,1,0
I 2,0,0 1,1,0 1,0,1
I 2,0,0 1,1,0 1,0,1
I 2,0,0 2,1,0 3,1,0
I 2,0,0 3,1,0 2,0,1
I 3,0,0 4,0,0 3,1,0
I 3,0,0 4,0,0 3,1,0
I 3,0,0 4,0,0 4,1,0
I 3,0,0 2,1,0 3,1,0
I 3,0,0 2,1,0 3,1,0
I 3,0,0 2,1,0 2,0,1
I 3,0,0 2,1,0 2,0,1
I 3,0,0 3,1,0 4,1,0
I 3,0,0 4,1,0 3,0,1
I 3,0,0 4,1,0 3,0,1
I 4,0,0 3,1,0 4,1,0
I 4,0,0 3,1,0 4,1,0
I 4,0,0 3,1,0 3,0,1
I 4,0,0 3,1,0 3,0,1
I 0,1,0 1,1,0 0,2,0
I 0,1,0 1,1,0 0,2,0
I 0,1,0 1,1,0 1,2,0
I 0,1,0 0,2,0 1,2,0
I 0,1,0 1,2,0 0,1,1
I 1,1,0 2,1,0 1,2,0
I 1,1,0 2,1,0 1,2,0
I 1,1,0 2,1,0 2,2,0
I 1,1,0 0,2,0 1,2,0
I 1,1,0 0,2,0 1,2,0
I 1,1,0 0,2,0 0,1,1
I 1,1,0 0,2,0 0,1,1
I 1,1,0 1,2,0 2,2,0
I 1,1,0 2,2,0 1,1,1
I 1,1,0 0,0,1 1,1,1
I 1,1,0 0,0,1 0,0,2
I 1,1,0 1,0,1 0,1,1
I 1,1,0 1,0,1 0,1,1
I 1,1,0 1,0,1 0,0,2
I 1,1,0 0,1,1 0,0,2
I 1,1,0 1,1,1 0,0,2
I 2,1,0 3,1,0 2,2,0
I 2,1,0 3,1,0 2,2,0
I 2,1,0 3,1,0 3,2,0
I 2,1,0 1,2,0 2,2,0
I 2,1,0 1,2,0 2,2,0
I 2,1,0 1,2,0 1,1,1
I 2,1,0 1,2,0 1,1,1
I 2,1,0 2,2,0 3,2,0
I 2,1,0 3,2,0 2,1,1
I 2,1,0 3,2,0 2,1,1
I 2,1,0 1,0,1 2,1,1
I 2,1,0 1,0,1 1,0,2
I 2,1,0 2,0,1 1,1,1
I 2,1,0 2,0,1 1,1,1
I 2,1,0 2,0,1 1,0,2
I 2,1,0 1,1,1 1,0,2
I 2,1,0 2,1,1 1,0,2
I 3,1,0 4,1,0 3,2,0
I 3,1,0 4,1,0 3,2,0
I 3,1,0 4,1,0 4,2,0
I 3,1,0 2,2,0 3,2,0
I 3,1,0 2,2,0 3,2,0
I 3,1,0 2,2,0 2,1,1
I 3,1,0 2,2,0 2,1,1
I 3,1,0 3,2,0 4,2,0
I 3,1,0 4,2,0 3,1,1
I 3,1,0 2,0,1 3,1,1
I 3,1,0 2,0,1 3,1,1
I 3,1,0 2,0,1 2,0,2
I 3,1,0 3,0,1 2,1,1
I 3,1,0 3,0,1 2,1,1
I 3,1,0 3,0,1 2,0,2
I 3,1,0 2,1,1 2,0,2
I 3,1,0 3,1,1 2,0,2
I 3,1,0 3,1,1 2,0,2
I 4,1,0 3,2,0 4,2,0
I 4,1,0 3,2,0 4,2,0
I 4,1,0 3,2,0 3,1,1
I 4,1,0 3,2,0 3,1,1
I 0,2,0 1,2,0 0,3,0
I 0,2,0 1,2,0 0,3,0
I 0,2,0 1,2,0 1,3,0
I 0,2,0 0,3,0 1,3,0
I 0,2,0 1,3,0 0,2,1
I 1,2,0 2,2,0 1,3,0
I 1,2,0 2,2,0 1,3,0
I 1,2,0 2,2,0 2,3,0
I 1,2,0 0,3,0 1,3,0
I 1,2,0 0,3,0 1,3,0
I 1,2,0 0,3,0 0,2,1
I 1,2,0 0,3,0 0,2,1
I 1,2,0 1,3,0 2,3,0
I 1,2,0 2,3,0 1,2,1
I 1,2,0 0,1,1 1,2,1
I 1,2,0 0,1,1 0,1,2
I 1,2,0 1,1,1 0,2,1
I 1,2,0 1,1,1 0,2,1
I 1,2,0 1,1,1 0,1,2
I 1,2,0 0,2,1 0,1,2
I 1,2,0 1,2,1 0,1,2
I 2,2,0 3,2,0 2,3,0
I 2,2,0 3,2,0 2,3,0
I 2,2,0 3,2,0 3,3,0
I 2,2,0 1,3,0 2,3,0
I 2,2,0 1,3,0 2,3,0
I 2,2,0 1,3,0 1,2,1
I 2,2,0 1,3,0 1,2,1
I 2,2,0 2,3,0 3,3,0
I 2,2,0 3,3,0 2,2,1
I 2,2,0 1,1,1 2,2,1
I 2,2,0 1,1,1 2,2,1
I 2,2,0 1,1,1 1,1,2
I 2,2,0 2,1,1 1,2,1
I 2,2,0 2,1,1 1,2,1
I 2,2,0 2,1,1 1,1,2
I 2,2,0 1,2,1 1,1,2
I 2,2,0 2,2,1 1,1,2
I 2,2,0 2,2,1 1,1,2
I 3,2,0 4,2,0 3,3,0
I 3,2,0 4,2,0 3,3,0
I 3,2,0 4,2,0 4,3,0
I 3,2,0 2,3,0 3,3,0
I 3,2,0 2,3,0 3,3,0
I 3,2,0 2,3,0 2,2,1
I 3,2,0 2,3,0 2,2,1
I 3,2,0 3,3,0 4,3,0
I 3,2,0 4,3,0 3,2,1
I 3,2,0 4,3,0 3,2,1
I 3,2,0 2,1,1 3,2,1
I 3,2,0 2,1,1 2,1,2
I 3,2,0 2,1,1 2,1,2
I 3,2,0 3,1,1 2,2,1
I 3,2,0 3,1,1 2,2,1
I 3,2,0 3,1,1 2,1,2
I 3,2,0 2,2,1 2,1,2
I 3,2,0 3,2,1 2,1,2
I 4,2,0 3,3,0 4,3,0
I 4,2,0 3,3,0 4,3,0
I 4,2,0 3,3,0 3,2,1
I 4,2,0 3,3,0 3,2,1
I 0,3,0 1,3,0 0,4,0
I 0,3,0 1,3,0 0,4,0
I 0,3,0 1,3,0 1,4,0
I 0,3,0 0,4,0 1,4,0
I 0,3,0 1,4,0 0,3,1
I 1,3,0 2,3,0 1,4,0
I 1,3,0 2,3,0 1,4,0
I 1,3,0 2,3,0 2,4,0
I 1,3,0 0,4,0 1,4,0
I 1,3,0 0,4,0 1,4,0
I 1,3,0 0,4,0 0,3,1
I 1,3,0 0,4,0 0,3,1
I 1,3,0 1,4,0 2,4,0
I 1,3,0 2,4,0 1,3,1
I 1,3,0 0,2,1 1,3,1
I 1,3,0 0,2,1 0,2,2
I 1,3,0 1,2,1 0,3,1
I 1,3,0 1,2,1 0,3,1
I 1,3,0 1,2,1 0,2,2
I 1,3,0 0,3,1 0,2,2
I 1,3,0 1,3,1 0,2,2
I 2,3,0 3,3,0 2,4,0
I 2,3,0 3,3,0 2,4,0
I 2,3,0 3,3,0 3,4,0
I 2,3,0 1,4,0 2,4,0
I 2,3,0 1,4,0 2,4,0
I 2,3,0 1,4,0 1,3,1
I 2,3,0 1,4,0 1,3,1
I 2,3,0 2,4,0 3,4,0
I 2,3,0 3,4,0 2,3,1
I 2,3,0 3,4,0 2,3,1
I 2,3,0 1,2,1 2,3,1
I 2,3,0 1,2,1 1,2,2
I 2,3,0 2,2,1 1,3,1
I 2,3,0 2,2,1 1,3,1
I 2,3,0 2,2,1 1,2,2
I 2,3,0 1,3,1 1,2,2
I 2,3,0 2,3,1 1,2,2
I 3,3,0 4,3,0 3,4,0
I 3,3,0 4,3,0 3,4,0
I 3,3,0 4,3,0 4,4,0
I 3,3,0 2,4,0 3,4,0
I 3,3,0 2,4,0 3,4,0
I 3,3,0 2,4,0 2,3,1
I 3,3,0 2,4,0 2,3,1
I 3,3,0 3,4,0 4,4,0
I 3,3,0 4,4,0 3,3,1
I 3,3,0 2,2,1 3,3,1
I 3,3,0 2,2,1 3,3,1
I 3,3,0 2,2,1 2,2,2
I 3,3,0 3,2,1 2,3,1
I 3,3,0 3,2,1 2,3,1
I 3,3,0 3,2,1 2,2,2
I 3,3,0 2,3,1 2,2,2
I 3,3,0 3,3,1 2,2,2
I 3,3,0 3,3,1 2,2,2
I 4,3,0 3,4,0 4,4,0
I 4,3,0 3,4,0 4,4,0
I 4,3,0 3,4,0 3,3,1
I 4,3,0 3,4,0 3,3,1
I 0,0,1 1,0,1 0,1,1
I 0,0,1 1,0,1 0,1,1
I 0,0,1 1,0,1 1,1,1
I 0,0,1 0,1,1 1,1,1
I 0,0,1 1,1,1 0,0,2
I 1,0,1 2,0,1 1,1,1
I 1,0,1 2,0,1 1,1,1
I 1,0,1 2,0,1 2,1,1
I 1,0,1 0,1,1 1,1,1
I 1,0,1 0,1,1 1,1,1
I 1,0,1 0,1,1 0,0,2
I 1,0,1 0,1,1 0,0,2
I 1,0,1 1,1,1 2,1,1
I 1,0,1 2,1,1 1,0,2
I 2,0,1 3,0,1 2,1,1
I 2,0,1 3,0,1 2,1,1
I 2,0,1 3,0,1 3,1,1
I 2,0,1 1,1,1 2,1,1
I 2,0,1 1,1,1 2,1,1
I 2,0,1 1,1,1 1,0,2
I 2,0,1 1,1,1 1,0,2
I 2,0,1 2,1,1 3,1,1
I 2,0,1 3,1,1 2,0,2
I 3,0,1 2,1,1 3,1,1
I 3,0,1 2,1,1 3,1,1
I 3,0,1 2,1,1 2,0,2
I 3,0,1 2,1,1 2,0,2
I 0,1,1 1,1,1 0,2,1
I 0,1,1 1,1,1 0,2,1
I 0,1,1 1,1,1 1,2,1
I 0,1,1 0,2,1 1,2,1
I 0,1,1 1,2,1 0,1,2
I 1,1,1 2,1,1 1,2,1
I 1,1,1 2,1,1 1,2,1
I 1,1,1 2,1,1 2,2,1
I 1,1,1 0,2,1 1,2,1
I 1,1,1 0,2,1 1,2,1
I 1,1,1 0,2,1 0,1,2
I 1,1,1 0,2,1 0,1,2
I 1,1,1 1,2,1 2,2,1
I 1,1,1 2,2,1 1,1,2
I 1,1,1 0,0,2 1,1,2
I 1,1,1 0,0,2 0,0,3
I 1,1,1 1,0,2 0,1,2
I 1,1,1 1,0,2 0,1,2
I 1,1,1 1,0,2 0,0,3
I 1,1,1 0,1,2 0,0,3
I 1,1,1 1,1,2 0,0,3
I 2,1,1 3,1,1 2,2,1
I 2,1,1 3,1,1 2,2,1
I 2,1,1 3,1,1 3,2,1
I 2,1,1 1,2,1 2,2,1
I 2,1,1 1,2,1 2,2,1
I 2,1,1 1,2,1 1,1,2
I 2,1,1 1,2,1 1,1,2
I 2,1,1 2,2,1 3,2,1
I 2,1,1 3,2,1 2,1,2
I 2,1,1 3,2,1 2,1,2
I 2,1,1 1,0,2 2,1,2
I 2,1,1 1,0,2 1,0,3
I 2,1,1 2,0,2 1,1,2
I 2,1,1 2,0,2 1,1,2
I 2,1,1 2,0,2 1,0,3
I 2,1,1 1,1,2 1,0,3
I 2,1,1 2,1,2 1,0,3
I 3,1,1 2,2,1 3,2,1
I 3,1,1 2,2,1 3,2,1
I 3,1,1 2,2,1 2,1,2
I 3,1,1 2,2,1 2,1,2
I 0,2,1 1,2,1 0,3,1
I 0,2,1 1,2,1 0,3,1
I 0,2,1 1,2,1 1,3,1
I 0,2,1 0,3,1 1,3,1
I 0,2,1 1,3,1 0,2,2
I 1,2,1 2,2,1 1,3,1
I 1,2,1 2,2,1 1,3,1
I 1,2,1 2,2,1 2,3,1
I 1,2,1 0,3,1 1,3,1
I 1,2,1 0,3,1 1,3,1
I 1,2,1 0,3,1 0,2,2
I 1,2,1 0,3,1 0,2,2
I 1,2,1 1,3,1 2,3,1
I 1,2,1 2,3,1 1,2,2
I 1,2,1 0,1,2 1,2,2
I 1,2,1 0,1,2 0,1,3
I 1,2,1 1,1,2 0,2,2
I 1,2,1 1,1,2 0,2,2
I 1,2,1 1,1,2 0,1,3
I 1,2,1 0,2,2 0,1,3
I 1,2,1 1,2,2 0,1,3
I 2,2,1 3,2,1 2,3,1
I 2,2,1 3,2,1 2,3,1
I 2,2,1 3,2,1 3,3,1
I 2,2,1 1,3,1 2,3,1
I 2,2,1 1,3,1 2,3,1
I 2,2,1 1,3,1 1,2,2
I 2,2,1 1,3,1 1,2,2
I 2,2,1 2,3,1 3,3,1
I 2,2,1 3,3,1 2,2,2
I 2,2,1 1,1,2 2,2,2
I 2,2,1 1,1,2 2,2,2
I 2,2,1 1,1,2 1,1,3
I 2,2,1 2,1,2 1,2,2
I 2,2,1 2,1,2 1,2,2
I 2,2,1 2,1,2 1,1,3
I 2,2,1 1,2,2 1,1,3
I 2,2,1 2,2,2 1,1,3
I 2,2,1 2,2,2 1,1,3
I 3,2,1 2,3,1 3,3,1
I 3,2,1 2,3,1 3,3,1
I 3,2,1 2,3,1 2,2,2
I 3,2,1 2,3,1 2,2,2
I 0,0,2 1,0,2 0,1,2
I 0,0,2 1,0,2 0,1,2
I 0,0,2 1,0,2 1,1,2
I 0,0,2 0,1,2 1,1,2
I 0,0,2 1,1,2 0,0,3
I 1,0,2 2,0,2 1,1,2
I 1,0,2 2,0,2 1,1,2
I 1,0,2 2,0,2 2,1,2
I 1,0,2 0,1,2 1,1,2
I 1,0,2 0,1,2 1,1,2
I 1,0,2 0,1,2 0,0,3
I 1,0,2 0,1,2 0,0,3
I 1,0,2 1,1,2 2,1,2
I 1,0,2 2,1,2 1,0,3
I 2,0,2 1,1,2 2,1,2
I 2,0,2 1,1,2 2,1,2
I 2,0,2 1,1,2 1,0,3
I 2,0,2 1,1,2 1,0,3
I 0,1,2 1,1,2 0,2,2
I 0,1,2 1,1,2 0,2,2
I 0,1,2 1,1,2 1,2,2
I 0,1,2 0,2,2 1,2,2
I 0,1,2 1,2,2 0,1,3
I 1,1,2 2,1,2 1,2,2
I 1,1,2 2,1,2 1,2,2
I 1,1,2 2,1,2 2,2,2
I 1,1,2 0,2,2 1,2,2
I 1,1,2 0,2,2 1,2,2
I 1,1,2 0,2,2 0,1,3
I 1,1,2 0,2,2 0,1,3
I 1,1,2 1,2,2 2,2,2
I 1,1,2 2,2,2 1,1,3
I 1,1,2 0,0,3 1,1,3
I 1,1,2 0,0,3 0,0,4
I 1,1,2 1,0,3 0,1,3
I 1,1,2 1,0,3 0,1,3
I 1,1,2 1,0,3 0,0,4
I 1,1,2 0,1,3 0,0,4
I 1,1,2 1,1,3 0,0,4
I 2,1,2 1,2,2 2,2,2
I 2,1,2 1,2,2 2,2,2
I 2,1,2 1,2,2 1,1,3
I 2,1,2 1,2,2 1,1,3
I 0,0,3 1,0,3 0,1,3
I 0,0,3 1,0,3 0,1,3
I 0,0,3 1,0,3 1,1,3
I 0,0,3 0,1,3 1,1,3
I 0,0,3 1,1,3 0,0,4
I 1,0,3 0,1,3 1,1,3
I 1,0,3 0,1,3 1,1,3
I 1,0,3 0,1,3 0,0,4
I 1,0,3 0,1,3 0,0,4
J 0,0,0 1,0,0 0,1,0 1,1,0
J 0,0,0 1,0,0 0,1,0 1,1,0
J 0,0,0 1,0,0 0,1,0 1,1,0
J 0,0,0 1,0,0 0,1,0 1,1,0
J 1,0,0 2,0,0 1,1,0 2,1,0
J 1,0,0 2,0,0 1,1,0 2,1,0
J 2,0,0 3,0,0 2,1,0 3,1,0
J 2,0,0 3,0,0 2,1,0 3,1,0
J 3,0,0 4,0,0 3,1,0 4,1,0
J 3,0,0 4,0,0 3,1,0 4,1,0
J 3,0,0 4,0,0 3,1,0 4,1,0
J 0,1,0 1,1,0 0,2,0 1,2,0
J 0,1,0 1,1,0 0,2,0 1,2,0
J 1,1,0 2,1,0 1,2,0 2,2,0
J 1,1,0 2,1,0 1,2,0 2,2,0
J 1,1,0 2,1,0 1,2,0 2,2,0
J 1,1,0 0,0,1 1,1,1 0,0,2
J 1,1,0 1,0,1 0,1,1 0,0,2
J 1,1,0 1,0,1 0,1,1 0,0,2
J 1,1,0 1,0,1 0,1,1 0,0,2
J 1,1,0 1,0,1 0,1,1 0,0,2
J 2,1,0 3,1,0 2,2,0 3,2,0
J 2,1,0 3,1,0 2,2,0 3,2,0
J 2,1,0 1,0,1 2,1,1 1,0,2
J 2,1,0 2,0,1 1,1,1 1,0,2
J 2,1,0 2,0,1 1,1,1 1,0,2
J 3,1,0 4,1,0 3,2,0 4,2,0
J 3,1,0 4,1,0 3,2,0 4,2,0
J 3,1,0 2,0,1 3,1,1 2,0,2
J 3,1,0 2,0,1 3,1,1 2,0,2
J 3,1,0 3,0,1 2,1,1 2,0,2
J 3,1,0 3,0,1 2,1,1 2,0,2
J 0,2,0 1,2,0 0,3,0 1,3,0
J 0,2,0 1,2,0 0,3,0 1,3,0
J 0,2,0 1,2,0 0,3,0 1,3,0
J 0,2,0 1,2,0 0,3,0 1,3,0
J 1,2,0 2,2,0 1,3,0 2,3,0
J 1,2,0 2,2,0 1,3,0 2,3,0
J 1,2,0 0,1,1 1,2,1 0,1,2
J 1,2,0 1,1,1 0,2,1 0,1,2
J 1,2,0 1,1,1 0,2,1 0,1,2
J 2,2,0 3,2,0 2,3,0 3,3,0
J 2,2,0 3,2,0 2,3,0 3,3,0
J 2,2,0 1,1,1 2,2,1 1,1,2
J 2,2,0 1,1,1 2,2,1 1,1,2
J 2,2,0 1,1,1 2,2,1 1,1,2
J 2,2,0 2,1,1 1,2,1 1,1,2
J 2,2,0 2,1,1 1,2,1 1,1,2
J 2,2,0 2,1,1 1,2,1 1,1,2
J 3,2,0 4,2,0 3,3,0 4,3,0
J 3,2,0 4,2,0 3,3,0 4,3,0
J 3,2,0 4,2,0 3,3,0 4,3,0
J 3,2,0 2,1,1 3,2,1 2,1,2
J 3,2,0 2,1,1 3,2,1 2,1,2
J 3,2,0 3,1,1 2,2,1 2,1,2
J 3,2,0 3,1,1 2,2,1 2,1,2
J 0,3,0 1,3,0 0,4,0 1,4,0
J 0,3,0 1,3,0 0,4,0 1,4,0
J 1,3,0 2,3,0 1,4,0 2,4,0
J 1,3,0 2,3,0 1,4,0 2,4,0
J 1,3,0 2,3,0 1,4,0 2,4,0
J 1,3,0 0,2,1 1,3,1 0,2,2
J 1,3,0 1,2,1 0,3,1 0,2,2
J 1,3,0 1,2,1 0,3,1 0,2,2
J 1,3,0 1,2,1 0,3,1 0,2,2
J 1,3,0 1,2,1 0,3,1 0,2,2
J 2,3,0 3,3,0 2,4,0 3,4,0
J 2,3,0 3,3,0 2,4,0 3,4,0
J 2,3,0 1,2,1 2,3,1 1,2,2
J 2,3,0 2,2,1 1,3,1 1,2,2
J 2,3,0 2,2,1 1,3,1 1,2,2
J 3,3,0 4,3,0 3,4,0 4,4,0
J 3,3,0 4,3,0 3,4,0 4,4,0
J 3,3,0 2,2,1 3,3,1 2,2,2
J 3,3,0 2,2,1 3,3,1 2,2,2
J 3,3,0 3,2,1 2,3,1 2,2,2
J 3,3,0 3,2,1 2,3,1 2,2,2
J 0,0,1 1,0,1 0,1,1 1,1,1
J 0,0,1 1,0,1 0,1,1 1,1,1
J 0,0,1 1,0,1 0,1,1 1,1,1
J 0,0,1 1,0,1 0,1,1 1,1,1
J 1,0,1 2,0,1 1,1,1 2,1,1
J 1,0,1 2,0,1 1,1,1 2,1,1
J 2,0,1 3,0,1 2,1,1 3,1,1
J 2,0,1 3,0,1 2,1,1 3,1,1
J 0,1,1 1,1,1 0,2,1 1,2,1
J 0,1,1 1,1,1 0,2,1 1,2,1
J 1,1,1 2,1,1 1,2,1 2,2,1
J 1,1,1 2,1,1 1,2,1 2,2,1
J 1,1,1 2,1,1 1,2,1 2,2,1
J 1,1,1 0,0,2 1,1,2 0,0,3
J 1,1,1 1,0,2 0,1,2 0,0,3
J 1,1,1 1,0,2 0,1,2 0,0,3
J 1,1,1 1,0,2 0,1,2 0,0,3
J 1,1,1 1,0,2 0,1,2 0,0,3
J 2,1,1 3,1,1 2,2,1 3,2,1
J 2,1,1 3,1,1 2,2,1 3,2,1
J 2,1,1 1,0,2 2,1,2 1,0,3
J 2,1,1 2,0,2 1,1,2 1,0,3
J 2,1,1 2,0,2 1,1,2 1,0,3
J 0,2,1 1,2,1 0,3,1 1,3,1
J 0,2,1 1,2,1 0,3,1 1,3,1
J 0,2,1 1,2,1 0,3,1 1,3,1
J 0,2,1 1,2,1 0,3,1 1,3,1
J 1,2,1 2,2,1 1,3,1 2,3,1
J 1,2,1 2,2,1 1,3,1 2,3,1
J 1,2,1 0,1,2 1,2,2 0,1,3
J 1,2,1 1,1,2 0,2,2 0,1,3
J 1,2,1 1,1,2 0,2,2 0,1,3
J 2,2,1 3,2,1 2,3,1 3,3,1
J 2,2,1 3,2,1 2,3,1 3,3,1
J 2,2,1 1,1,2 2,2,2 1,1,3
J 2,2,1 1,1,2 2,2,2 1,1,3
J 2,2,1 1,1,2 2,2,2 1,1,3
J 2,2,1 2,1,2 1,2,2 1,1,3
J 2,2,1 2,1,2 1,2,2 1,1,3
J 2,2,1 2,1,2 1,2,2 1,1,3
J 0,0,2 1,0,2 0,1,2 1,1,2
J 0,0,2 1,0,2 0,1,2 1,1,2
J 0,0,2 1,0,2 0,1,2 1,1,2
J 0,0,2 1,0,2 0,1,2 1,1,2
J 1,0,2 2,0,2 1,1,2 2,1,2
J 1,0,2 2,0,2 1,1,2 2,1,2
J 0,1,2 1,1,2 0,2,2 1,2,2
J 0,1,2 1,1,2 0,2,2 1,2,2
J 1,1,2 2,1,2 1,2,2 2,2,2
J 1,1,2 2,1,2 1,2,2 2,2,2
J 1,1,2 2,1,2 1,2,2 2,2,2
J 1,1,2 0,0,3 1,1,3 0,0,4
J 1,1,2 1,0,3 0,1,3 0,0,4
J 1,1,2 1,0,3 0,1,3 0,0,4
J 1,1,2 1,0,3 0,1,3 0,0,4
J 1,1,2 1,0,3 0,1,3 0,0,4
J 0,0,3 1,0,3 0,1,3 1,1,3
J 0,0,3 1,0,3 0,1,3 1,1,3
J 0,0,3 1,0,3 0,1,3 1,1,3
J 0,0,3 1,0,3 0,1,3 1,1,3
K 0,0,0 1,0,0 2,0,0 0,1,0 2,1,0
K 0,0,0 1,0,0 0,1,0 0,2,0 1,2,0
K 0,0,0 1,0,0 1,1,0 0,2,0 1,2,0
K 0,0,0 2,0,0 0,1,0 1,1,0 2,1,0
K 1,0,0 2,0,0 3,0,0 1,1,0 3,1,0
K 1,0,0 2,0,0 1,1,0 1,2,0 2,2,0
K 1,0,0 2,0,0 2,1,0 1,2,0 2,2,0
K 1,0,0 3,0,0 1,1,0 2,1,0 3,1,0
K 2,0,0 3,0,0 4,0,0 2,1,0 4,1,0
K 2,0,0 3,0,0 2,1,0 2,2,0 3,2,0
K 2,0,0 3,0,0 3,1,0 2,2,0 3,2,0
K 2,0,0 4,0,0 2,1,0 3,1,0 4,1,0
K 3,0,0 4,0,0 3,1,0 3,2,0 4,2,0
K 3,0,0 4,0,0 4,1,0 3,2,0 4,2,0
K 0,1,0 1,1,0 2,1,0 0,2,0 2,2,0
K 0,1,0 1,1,0 0,2,0 0,3,0 1,3,0
K 0,1,0 1,1,0 1,2,0 0,3,0 1,3,0
K 0,1,0 2,1,0 0,2,0 1,2,0 2,2,0
K 1,1,0 2,1,0 3,1,0 1,2,0 3,2,0
K 1,1,0 2,1,0 1,2,0 1,3,0 2,3,0
K 1,1,0 2,1,0 2,2,0 1,3,0 2,3,0
K 1,1,0 3,1,0 1,2,0 2,2,0 3,2,0
K 1,1,0 0,0,1 1,1,1 1,1,2 0,0,3
K 1,1,0 0,0,1 0,0,2 1,1,2 0,0,3
K 2,1,0 3,1,0 4,1,0 2,2,0 4,2,0
K 2,1,0 3,1,0 2,2,0 2,3,0 3,3,0
K 2,1,0 3,1,0 3,2,0 2,3,0 3,3,0
K 2,1,0 4,1,0 2,2,0 3,2,0 4,2,0
K 2,1,0 1,0,1 2,1,1 2,1,2 1,0,3
K 2,1,0 1,0,1 1,0,2 2,1,2 1,0,3
K 2,1,0 2,0,1 1,1,1 0,1,2 0,0,3
K 2,1,0 2,0,1 1,0,2 0,1,2 0,0,3
K 3,1,0 4,1,0 3,2,0 3,3,0 4,3,0
K 3,1,0 4,1,0 4,2,0 3,3,0 4,3,0
K 3,1,0 3,0,1 2,1,1 1,1,2 1,0,3
K 3,1,0 3,0,1 2,0,2 1,1,2 1,0,3
K 0,2,0 1,2,0 2,2,0 0,3,0 2,3,0
K 0,2,0 1,2,0 0,3,0 0,4,0 1,4,0
K 0,2,0 1,2,0 1,3,0 0,4,0 1,4,0
K 0,2,0 2,2,0 0,3,0 1,3,0 2,3,0
K 1,2,0 2,2,0 3,2,0 1,3,0 3,3,0
K 1,2,0 2,2,0 1,3,0 1,4,0 2,4,0
K 1,2,0 2,2,0 2,3,0 1,4,0 2,4,0
K 1,2,0 3,2,0 1,3,0 2,3,0 3,3,0
K 1,2,0 0,1,1 1,2,1 1,2,2 0,1,3
K 1,2,0 0,1,1 0,1,2 1,2,2 0,1,3
K 1,2,0 1,1,1 0,2,1 1,0,2 0,0,3
K 1,2,0 0,2,1 1,0,2 0,1,2 0,0,3
K 2,2,0 3,2,0 4,2,0 2,3,0 4,3,0
K 2,2,0 3,2,0 2,3,0 2,4,0 3,4,0
K 2,2,0 3,2,0 3,3,0 2,4,0 3,4,0
K 2,2,0 4,2,0 2,3,0 3,3,0 4,3,0
K 2,2,0 1,1,1 2,2,1 0,0,2 0,0,3
K 2,2,0 1,1,1 2,2,1 2,2,2 1,1,3
K 2,2,0 1,1,1 1,1,2 2,2,2 1,1,3
K 2,2,0 2,1,1 1,2,1 2,0,2 1,0,3
K 2,2,0 2,1,1 1,2,1 0,2,2 0,1,3
K 2,2,0 2,1,1 1,1,2 0,2,2 0,1,3
K 2,2,0 1,2,1 2,0,2 1,1,2 1,0,3
K 2,2,0 2,2,1 0,0,2 1,1,2 0,0,3
K 3,2,0 4,2,0 3,3,0 3,4,0 4,4,0
K 3,2,0 4,2,0 4,3,0 3,4,0 4,4,0
K 3,2,0 2,1,1 3,2,1 1,0,2 1,0,3
K 3,2,0 3,1,1 2,2,1 1,2,2 1,1,3
K 3,2,0 3,1,1 2,1,2 1,2,2 1,1,3
K 3,2,0 3,2,1 1,0,2 2,1,2 1,0,3
K 0,3,0 1,3,0 2,3,0 0,4,0 2,4,0
K 0,3,0 2,3,0 0,4,0 1,4,0 2,4,0
K 1,3,0 2,3,0 3,3,0 1,4,0 3,4,0
K 1,3,0 3,3,0 1,4,0 2,4,0 3,4,0
K 1,3,0 1,2,1 0,3,1 1,1,2 0,1,3
K 1,3,0 0,3,1 1,1,2 0,2,2 0,1,3
K 2,3,0 3,3,0 4,3,0 2,4,0 4,4,0
K 2,3,0 4,3,0 2,4,0 3,4,0 4,4,0
K 2,3,0 1,2,1 2,3,1 0,1,2 0,1,3
K 2,3,0 2,2,1 1,3,1 2,1,2 1,1,3
K 2,3,0 1,3,1 2,1,2 1,2,2 1,1,3
K 2,3,0 2,3,1 0,1,2 1,2,2 0,1,3
K 3,3,0 2,2,1 3,3,1 1,1,2 1,1,3
K 3,3,0 3,3,1 1,1,2 2,2,2 1,1,3
K 0,0,1 1,0,1 2,0,1 0,1,1 2,1,1
K 0,0,1 1,0,1 0,1,1 0,2,1 1,2,1
K 0,0,1 1,0,1 1,1,1 0,2,1 1,2,1
K 0,0,1 2,0,1 0,1,1 1,1,1 2,1,1
K 1,0,1 2,0,1 3,0,1 1,1,1 3,1,1
K 1,0,1 2,0,1 1,1,1 1,2,1 2,2,1
K 1,0,1 2,0,1 2,1,1 1,2,1 2,2,1
K 1,0,1 3,0,1 1,1,1 2,1,1 3,1,1
K 2,0,1 3,0,1 2,1,1 2,2,1 3,2,1
K 2,0,1 3,0,1 3,1,1 2,2,1 3,2,1
K 0,1,1 1,1,1 2,1,1 0,2,1 2,2,1
K 0,1,1 1,1,1 0,2,1 0,3,1 1,3,1
K 0,1,1 1,1,1 1,2,1 0,3,1 1,3,1
K 0,1,1 2,1,1 0,2,1 1,2,1 2,2,1
K 1,1,1 2,1,1 3,1,1 1,2,1 3,2,1
K 1,1,1 2,1,1 1,2,1 1,3,1 2,3,1
K 1,1,1 2,1,1 2,2,1 1,3,1 2,3,1
K 1,1,1 3,1,1 1,2,1 2,2,1 3,2,1
K 1,1,1 0,0,2 1,1,2 1,1,3 0,0,4
K 1,1,1 0,0,2 0,0,3 1,1,3 0,0,4
K 2,1,1 3,1,1 2,2,1 2,3,1 3,3,1
K 2,1,1 3,1,1 3,2,1 2,3,1 3,3,1
K 2,1,1 2,0,2 1,1,2 0,1,3 0,0,4
K 2,1,1 2,0,2 1,0,3 0,1,3 0,0,4
K 0,2,1 1,2,1 2,2,1 0,3,1 2,3,1
K 0,2,1 2,2,1 0,3,1 1,3,1 2,3,1
K 1,2,1 2,2,1 3,2,1 1,3,1 3,3,1
K 1,2,1 3,2,1 1,3,1 2,3,1 3,3,1
K 1,2,1 1,1,2 0,2,2 1,0,3 0,0,4
K 1,2,1 0,2,2 1,0,3 0,1,3 0,0,4
K 2,2,1 1,1,2 2,2,2 0,0,3 0,0,4
K 2,2,1 2,2,2 0,0,3 1,1,3 0,0,4
K 0,0,2 1,0,2 2,0,2 0,1,2 2,1,2
K 0,0,2 1,0,2 0,1,2 0,2,2 1,2,2
K 0,0,2 1,0,2 1,1,2 0,2,2 1,2,2
K 0,0,2 2,0,2 0,1,2 1,1,2 2,1,2
K 1,0,2 2,0,2 1,1,2 1,2,2 2,2,2
K 1,0,2 2,0,2 2,1,2 1,2,2 2,2,2
K 0,1,2 1,1,2 2,1,2 0,2,2 2,2,2
K 0,1,2 2,1,2 0,2,2 1,2,2 2,2,2
L 0,0,0 1,0,0 2,0,0 3,0,0 1,1,0
L 0,0,0 1,0,0 2,0,0 3,0,0 2,1,0
L 0,0,0 0,1,0 1,1,0 0,2,0 0,3,0
L 0,0,0 0,1,0 0,2,0 1,2,0 0,3,0
L 0,0,0 1,1,0 0,0,1 0,0,2 0,0,3
L 0,0,0 0,0,1 1,1,1 0,0,2 0,0,3
L 1,0,0 2,0,0 3,0,0 4,0,0 2,1,0
L 1,0,0 2,0,0 3,0,0 4,0,0 3,1,0
L 1,0,0 0,1,0 1,1,0 2,1,0 3,1,0
L 1,0,0 0,1,0 1,1,0 1,2,0 1,3,0
L 1,0,0 1,1,0 2,1,0 1,2,0 1,3,0
L 1,0,0 1,1,0 0,2,0 1,2,0 1,3,0
L 1,0,0 1,1,0 1,2,0 2,2,0 1,3,0
L 1,0,0 2,1,0 1,0,1 1,0,2 1,0,3
L 1,0,0 1,0,1 2,1,1 1,0,2 1,0,3
L 2,0,0 0,1,0 1,1,0 2,1,0 3,1,0
L 2,0,0 1,1,0 2,1,0 3,1,0 4,1,0
L 2,0,0 1,1,0 2,1,0 2,2,0 2,3,0
L 2,0,0 2,1,0 3,1,0 2,2,0 2,3,0
L 2,0,0 2,1,0 1,2,0 2,2,0 2,3,0
L 2,0,0 2,1,0 2,2,0 3,2,0 2,3,0
L 3,0,0 1,1,0 2,1,0 3,1,0 4,1,0
L 3,0,0 2,1,0 3,1,0 3,2,0 3,3,0
L 3,0,0 2,1,0 2,0,1 1,0,2 0,0,3
L 3,0,0 3,1,0 4,1,0 3,2,0 3,3,0
L 3,0,0 3,1,0 2,2,0 3,2,0 3,3,0
L 3,0,0 3,1,0 3,2,0 4,2,0 3,3,0
L 3,0,0 2,0,1 1,1,1 1,0,2 0,0,3
L 4,0,0 3,1,0 4,1,0 4,2,0 4,3,0
L 4,0,0 3,1,0 3,0,1 2,0,2 1,0,3
L 4,0,0 4,1,0 3,2,0 4,2,0 4,3,0
L 4,0,0 3,0,1 2,1,1 2,0,2 1,0,3
L 0,1,0 1,1,0 2,1,0 3,1,0 1,2,0
L 0,1,0 1,1,0 2,1,0 3,1,0 2,2,0
L 0,1,0 0,2,0 1,2,0 0,3,0 0,4,0
L 0,1,0 0,2,0 0,3,0 1,3,0 0,4,0
L 0,1,0 1,2,0 0,1,1 0,1,2 0,1,3
L 0,1,0 0,1,1 1,2,1 0,1,2 0,1,3
L 1,1,0 2,1,0 3,1,0 4,1,0 2,2,0
L 1,1,0 2,1,0 3,1,0 4,1,0 3,2,0
L 1,1,0 0,2,0 1,2,0 2,2,0 3,2,0
L 1,1,0 0,2,0 1,2,0 1,3,0 1,4,0
L 1,1,0 1,2,0 2,2,0 1,3,0 1,4,0
L 1,1,0 1,2,0 0,3,0 1,3,0 1,4,0
L 1,1,0 1,2,0 1,3,0 2,3,0 1,4,0
L 1,1,0 2,2,0 1,1,1 1,1,2 1,1,3
L 1,1,0 1,1,1 2,2,1 1,1,2 1,1,3
L 1,1,0 1,1,1 0,0,2 1,1,2 1,1,3
L 1,1,0 1,1,1 1,1,2 0,0,3 1,1,3
L 2,1,0 0,2,0 1,2,0 2,2,0 3,2,0
L 2,1,0 1,2,0 2,2,0 3,2,0 4,2,0
L 2,1,0 1,2,0 2,2,0 2,3,0 2,4,0
L 2,1,0 2,2,0 3,2,0 2,3,0 2,4,0
L 2,1,0 2,2,0 1,3,0 2,3,0 2,4,0
L 2,1,0 2,2,0 2,3,0 3,3,0 2,4,0
L 3,1,0 1,2,0 2,2,0 3,2,0 4,2,0
L 3,1,0 2,2,0 3,2,0 3,3,0 3,4,0
L 3,1,0 2,2,0 2,1,1 1,1,2 0,1,3
L 3,1,0 3,2,0 4,2,0 3,3,0 3,4,0
L 3,1,0 3,2,0 2,3,0 3,3,0 3,4,0
L 3,1,0 3,2,0 3,3,0 4,3,0 3,4,0
L 3,1,0 2,1,1 1,2,1 1,1,2 0,1,3
L 3,1,0 2,1,1 2,0,2 1,1,2 0,1,3
L 3,1,0 2,1,1 1,1,2 1,0,3 0,1,3
L 4,1,0 3,2,0 4,2,0 4,3,0 4,4,0
L 4,1,0 3,2,0 3,1,1 2,1,2 1,1,3
L 4,1,0 4,2,0 3,3,0 4,3,0 4,4,0
L 4,1,0 3,1,1 2,2,1 2,1,2 1,1,3
L 0,2,0 1,2,0 2,2,0 3,2,0 1,3,0
L 0,2,0 1,2,0 2,2,0 3,2,0 2,3,0
L 1,2,0 2,2,0 3,2,0 4,2,0 2,3,0
L 1,2,0 2,2,0 3,2,0 4,2,0 3,3,0
L 1,2,0 0,3,0 1,3,0 2,3,0 3,3,0
L 1,2,0 0,3,0 0,2,1 0,1,2 0,0,3
L 2,2,0 0,3,0 1,3,0 2,3,0 3,3,0
L 2,2,0 1,3,0 2,3,0 3,3,0 4,3,0
L 2,2,0 1,3,0 1,2,1 1,1,2 1,0,3
L 2,2,0 3,3,0 2,2,1 1,1,2 0,0,3
L 3,2,0 1,3,0 2,3,0 3,3,0 4,3,0
L 3,2,0 4,3,0 3,2,1 2,1,2 1,0,3
L 0,3,0 1,3,0 2,3,0 3,3,0 1,4,0
L 0,3,0 1,3,0 2,3,0 3,3,0 2,4,0
L 0,3,0 1,1,1 0,2,1 0,1,2 0,0,3
L 1,3,0 2,3,0 3,3,0 4,3,0 2,4,0
L 1,3,0 2,3,0 3,3,0 4,3,0 3,4,0
L 1,3,0 0,4,0 1,4,0 2,4,0 3,4,0
L 1,3,0 0,4,0 0,3,1 0,2,2 0,1,3
L 1,3,0 2,1,1 1,2,1 1,1,2 1,0,3
L 1,3,0 1,2,1 1,1,2 0,2,2 1,0,3
L 1,3,0 1,2,1 1,1,2 1,0,3 0,1,3
L 2,3,0 0,4,0 1,4,0 2,4,0 3,4,0
L 2,3,0 1,4,0 2,4,0 3,4,0 4,4,0
L 2,3,0 1,4,0 1,3,1 1,2,2 1,1,3
L 2,3,0 3,4,0 2,3,1 1,2,2 0,1,3
L 3,3,0 1,4,0 2,4,0 3,4,0 4,4,0
L 3,3,0 4,4,0 3,3,1 2,2,2 1,1,3
L 3,3,0 1,1,1 2,2,1 1,1,2 0,0,3
L 3,3,0 2,2,1 1,1,2 2,2,2 0,0,3
L 3,3,0 2,2,1 1,1,2 0,0,3 1,1,3
L 4,3,0 2,1,1 3,2,1 2,1,2 1,0,3
L 0,4,0 1,2,1 0,3,1 0,2,2 0,1,3
L 1,4,0 2,2,1 1,3,1 1,2,2 1,1,3
L 3,4,0 1,2,1 2,3,1 1,2,2 0,1,3
L 4,4,0 2,2,1 3,3,1 2,2,2 1,1,3
L 0,0,1 1,0,1 2,0,1 3,0,1 1,1,1
L 0,0,1 1,0,1 2,0,1 3,0,1 2,1,1
L 0,0,1 0,1,1 1,1,1 0,2,1 0,3,1
L 0,0,1 0,1,1 0,2,1 1,2,1 0,3,1
L 0,0,1 1,1,1 0,0,2 0,0,3 0,0,4
L 0,0,1 0,0,2 1,1,2 0,0,3 0,0,4
L 1,0,1 0,1,1 1,1,1 2,1,1 3,1,1
L 1,0,1 0,1,1 1,1,1 1,2,1 1,3,1
L 1,0,1 1,1,1 2,1,1 1,2,1 1,3,1
L 1,0,1 1,1,1 0,2,1 1,2,1 1,3,1
L 1,0,1 1,1,1 1,2,1 2,2,1 1,3,1
L 2,0,1 0,1,1 1,1,1 2,1,1 3,1,1
L 2,0,1 1,1,1 2,1,1 2,2,1 2,3,1
L 2,0,1 2,1,1 3,1,1 2,2,1 2,3,1
L 2,0,1 2,1,1 1,2,1 2,2,1 2,3,1
L 2,0,1 2,1,1 2,2,1 3,2,1 2,3,1
L 3,0,1 2,1,1 3,1,1 3,2,1 3,3,1
L 3,0,1 2,1,1 2,0,2 1,0,3 0,0,4
L 3,0,1 3,1,1 2,2,1 3,2,1 3,3,1
L 3,0,1 2,0,2 1,1,2 1,0,3 0,0,4
L 0,1,1 1,1,1 2,1,1 3,1,1 1,2,1
L 0,1,1 1,1,1 2,1,1 3,1,1 2,2,1
L 1,1,1 0,2,1 1,2,1 2,2,1 3,2,1
L 2,1,1 0,2,1 1,2,1 2,2,1 3,2,1
L 0,2,1 1,2,1 2,2,1 3,2,1 1,3,1
L 0,2,1 1,2,1 2,2,1 3,2,1 2,3,1
L 1,2,1 0,3,1 1,3,1 2,3,1 3,3,1
L 1,2,1 0,3,1 0,2,2 0,1,3 0,0,4
L 2,2,1 0,3,1 1,3,1 2,3,1 3,3,1
L 2,2,1 3,3,1 2,2,2 1,1,3 0,0,4
L 0,3,1 1,1,2 0,2,2 0,1,3 0,0,4
L 3,3,1 1,1,2 2,2,2 1,1,3 0,0,4